1758705342504 1.274877905845642 0
1758705342998 1.1966753005981445 1
1758705343766 1.1830283403396606 2
1758705344128 0.8744943737983704 3
1758705345324 0.9003157615661621 4
1758705345728 1.1797561645507812 5
1758705346551 0.9818447828292847 6
1758705347053 0.9531381726264954 7
1758705347913 0.7165488004684448 8
1758705348282 1.00619637966156 9
1758705349249 0.8876354098320007 10
1758705349743 0.7347068190574646 11
1758705350647 0.9090985655784607 12
1758705351059 0.7536940574645996 13
1758705352091 1.0088484287261963 14
1758705352538 1.1023379564285278 15
1758705353515 0.6742671132087708 16
1758705353875 0.6292598843574524 17
1758705354911 0.5997911691665649 18
1758705355267 0.7735670208930969 19
1758705356256 0.7224135994911194 20
1758705356697 0.7811754941940308 21
1758705357602 0.8273105025291443 22
1758705357961 1.0438599586486816 23
1758705359060 0.8850166201591492 24
1758705359543 0.9532750248908997 25
1758705360474 0.5861694812774658 26
1758705360837 0.7427490949630737 27
1758705362160 0.6031540632247925 28
1758705362616 0.6634290814399719 29
1758705363547 0.6953043937683105 30
1758705364073 0.6829357743263245 31
1758705364920 0.5774807929992676 32
1758705365277 0.6057784557342529 33
1758705366286 0.6337562799453735 34
1758705366708 0.764316737651825 35
1758705367692 0.950061023235321 36
1758705368128 0.6139382123947144 37
1758705369441 0.7375198006629944 38
1758705369885 0.5698729753494263 39
1758705370768 0.6027387380599976 40
1758705371281 0.5966067910194397 41
1758705372333 0.7234779000282288 42
1758705372861 0.6137993931770325 43
1758705373894 0.5089350938796997 44
1758705374347 0.6382545828819275 45
1758705375488 0.5572938919067383 46
1758705375942 0.5074272155761719 47
1758705376858 0.4904639422893524 48
1758705377217 0.5680730938911438 49
1758705378444 0.5313825011253357 50
1758705378805 0.602721631526947 51
1758705379937 0.5071800947189331 52
1758705380301 0.4367145299911499 53
1758705381419 0.6316125392913818 54
1758705381783 0.5573852062225342 55
1758705382906 0.4604792892932892 56
1758705383290 0.45807763934135437 57
1758705384390 0.4319085478782654 58
1758705384776 0.41479983925819397 59
1758705385832 0.44567590951919556 60
1758705386257 0.5866379141807556 61
1758705387346 0.4570367932319641 62
1758705387738 0.42151811718940735 63
1758705388901 0.43809759616851807 64
1758705389456 0.4657028913497925 65
1758705390479 0.4107852876186371 66
1758705390850 0.4113621711730957 67
1758705392260 0.4272249937057495 68
1758705392643 0.38561946153640747 69
1758705393716 0.45352450013160706 70
1758705394120 0.3672521114349365 71
1758705395475 0.4745601415634155 72
1758705395891 0.49764493107795715 73
1758705397004 0.382768452167511 74
1758705397529 0.41642284393310547 75
1758705398429 0.6167733073234558 76
1758705399065 0.48372137546539307 77
1758705400027 0.35639020800590515 78
1758705400524 0.3824830651283264 79
1758705401705 0.3871598243713379 80
1758705402097 0.35200631618499756 81
1758705403330 0.4147762656211853 82
1758705403699 0.36971786618232727 83
1758705404742 0.334081768989563 84
1758705405276 0.39888235926628113 85
1758705406289 0.6714804768562317 86
1758705406683 0.36715227365493774 87
1758705407977 0.397874116897583 88
1758705408493 0.3453327417373657 89
1758705409525 0.35022804141044617 90
1758705409876 0.4084184467792511 91
1758705410985 0.3183305561542511 92
1758705411458 0.49980083107948303 93
1758705412476 0.38070908188819885 94
1758705413001 0.45160186290740967 95
1758705414057 0.3555653691291809 96
1758705414517 0.3991791903972626 97
1758705415409 0.33606937527656555 98
1758705415822 0.43942317366600037 99
1758705416864 0.4235112965106964 100
1758705417239 0.29812923073768616 101
1758705418218 0.4168887734413147 102
1758705418639 0.32401230931282043 103
1758705419706 0.3078395128250122 104
1758705420091 0.29230955243110657 105
1758705421229 0.2848168611526489 106
1758705421738 0.3329285681247711 107
1758705422765 0.28001686930656433 108
1758705423148 0.27601152658462524 109
1758705424272 0.3286654055118561 110
1758705424665 0.28132447600364685 111
1758705425490 0.35962364077568054 112
1758705425873 0.2779752314090729 113
1758705426982 0.3018448054790497 114
1758705427539 0.2509404718875885 115
1758705428638 0.29697203636169434 116
1758705429115 0.27044811844825745 117
1758705430107 0.3184623420238495 118
1758705430574 0.573249340057373 119
1758705464058 0.2901206910610199 120
1758705464428 0.2617642283439636 121
1758705465293 0.2730315923690796 122
1758705465670 0.27618202567100525 123
1758705466654 0.24510648846626282 124
1758705467026 0.3218122124671936 125
1758705468022 0.23750266432762146 126
1758705468515 0.26095762848854065 127
1758705469341 0.3050817847251892 128
1758705469723 0.248452827334404 129
1758705470748 0.28608739376068115 130
1758705471223 0.25328806042671204 131
1758705472169 0.23486553132534027 132
1758705472679 0.3033409118652344 133
1758705473601 0.24688318371772766 134
1758705473960 0.2947980761528015 135
1758705474999 0.22971950471401215 136
1758705475364 0.22591765224933624 137
1758705476329 0.22348517179489136 138
1758705476818 0.280786395072937 139
1758705477689 0.22420911490917206 140
1758705478076 0.22931978106498718 141
1758705478967 0.23398272693157196 142
1758705479371 0.2463485151529312 143
1758705480518 0.26425468921661377 144
1758705480888 0.20988023281097412 145
1758705481758 0.23428019881248474 146
1758705482132 0.5581067204475403 147
1758705483041 0.238499253988266 148
1758705483470 0.3224642276763916 149
1758705484561 0.26156362891197205 150
1758705484928 0.250119686126709 151
1758705485821 0.23175229132175446 152
1758705486182 0.20732472836971283 153
1758705487136 0.22888273000717163 154
1758705487602 0.45206567645072937 155
1758705488442 0.48210692405700684 156
1758705488905 0.22188164293766022 157
1758705489807 0.3503447473049164 158
1758705490177 0.22400705516338348 159
1758705491194 0.29484933614730835 160
1758705491584 0.21432647109031677 161
1758705492569 0.20905093848705292 162
1758705492949 0.21079468727111816 163
1758705494022 0.3272632956504822 164
1758705494398 0.3803807497024536 165
1758705495360 0.21092593669891357 166
1758705495734 0.30533483624458313 167
1758705496706 0.24449138343334198 168
1758705497083 0.21808063983917236 169
1758705498105 0.2507982850074768 170
1758705498461 0.20094136893749237 171
1758705499533 0.2049771249294281 172
1758705500054 0.24411997199058533 173
1758705501026 0.24404828250408173 174
1758705501565 0.22987224161624908 175
1758705502607 0.3783068358898163 176
1758705502966 0.2854563593864441 177
1758705503982 0.2666328251361847 178
1758705504409 0.2147407978773117 179
1758705505483 0.2302132397890091 180
1758705505851 0.36230677366256714 181
1758705506696 0.20628076791763306 182
1758705507067 0.1822710931301117 183
1758705507986 0.5099672079086304 184
1758705508351 0.19508986175060272 185
1758705509326 0.4100627303123474 186
1758705509823 0.36525067687034607 187
1758705510745 0.3359682559967041 188
1758705511189 0.3429824411869049 189
1758705512292 0.33290228247642517 190
1758705512837 0.232452854514122 191
1758705513753 0.3129652440547943 192
1758705514134 0.22342796623706818 193
1758705515062 0.4153086841106415 194
1758705515986 0.17434968054294586 195
1758705516512 0.2348446249961853 196
1758705517819 0.19502897560596466 197
1758705518434 0.27519652247428894 198
1758705519578 0.1592690795660019 199
1758705519954 0.18126311898231506 200
1758705520863 0.2861746549606323 201
1758705521420 0.17082048952579498 202
1758705522377 0.2682102620601654 203
1758705522834 0.22448092699050903 204
1758705523920 0.1698857694864273 205
1758705524274 0.3756124973297119 206
1758705525265 0.18625850975513458 207
1758705525707 0.15669474005699158 208
1758705527036 0.2822783291339874 209
1758705527417 0.16221357882022858 210
1758705528233 0.38397789001464844 211
1758705528728 0.19328558444976807 212
1758705529669 0.21477779746055603 213
1758705530055 0.17498652637004852 214
1758705531179 0.22941163182258606 215
1758705531714 0.1837957799434662 216
1758705532788 0.3253001868724823 217
1758705533267 0.14127467572689056 218
1758705534368 0.19012951850891113 219
1758705534860 0.18178090453147888 220
1758705535794 0.20321530103683472 221
1758705536320 0.23469898104667664 222
1758705537263 0.14671586453914642 223
1758705537812 0.14943239092826843 224
1758705538697 0.14190931618213654 225
1758705539219 0.18295107781887054 226
1758705540176 0.4294775724411011 227
1758705540659 0.1493336260318756 228
1758705541882 0.13410378992557526 229
1758705542419 0.24286940693855286 230
1758705543501 0.2230493426322937 231
1758705544237 0.15945816040039062 232
1758705545439 0.1650562286376953 233
1758705545849 0.20644919574260712 234
1758705547076 0.35544589161872864 235
1758705547568 0.15952765941619873 236
1758705548512 0.17144188284873962 237
1758705548912 0.2062424272298813 238
1758705549593 0.24958178400993347 239
1758705584686 0.3406773805618286 240
1758705585208 0.1566123366355896 241
1758705586007 0.14590926468372345 242
1758705586371 0.17130477726459503 243
1758705587574 0.14227451384067535 244
1758705587967 0.17050227522850037 245
1758705588843 0.15412451326847076 246
1758705589201 0.2014075666666031 247
1758705590285 0.3555980324745178 248
1758705590810 0.21586239337921143 249
1758705591897 0.1291438788175583 250
1758705592256 0.13227233290672302 251
1758705593148 0.3354024887084961 252
1758705593527 0.1348571628332138 253
1758705594534 0.1631743609905243 254
1758705595018 0.16252999007701874 255
1758705595881 0.15427839756011963 256
1758705596394 0.1791340410709381 257
1758705597313 0.1945919245481491 258
1758705597851 0.15205244719982147 259
1758705598761 0.22129341959953308 260
1758705599221 0.1749420166015625 261
1758705600138 0.24412351846694946 262
1758705600614 0.14809198677539825 263
1758705601506 0.16863928735256195 264
1758705601990 0.15545372664928436 265
1758705602814 0.1849711686372757 266
1758705603292 0.18726032972335815 267
1758705604352 0.15446160733699799 268
1758705604732 0.14084409177303314 269
1758705605613 0.13442562520503998 270
1758705605984 0.10708782076835632 271
1758705607023 0.1534445732831955 272
1758705607522 0.2964833378791809 273
1758705608392 0.14161403477191925 274
1758705608868 0.4953710734844208 275
1758705609736 0.15189962089061737 276
1758705610229 0.1923634111881256 277
1758705611149 0.2629622220993042 278
1758705611627 0.20973250269889832 279
1758705612448 0.13401064276695251 280
1758705612934 0.24778258800506592 281
1758705613742 0.29137757420539856 282
1758705614227 0.2041466236114502 283
1758705615116 0.2106059491634369 284
1758705615612 0.13389357924461365 285
1758705616497 0.15903735160827637 286
1758705617002 0.13237453997135162 287
1758705617888 0.14228321611881256 288
1758705618283 0.16482800245285034 289
1758705619324 0.9770134091377258 290
1758705619817 0.16184546053409576 291
1758705620673 0.13622649013996124 292
1758705621159 0.14869578182697296 293
1758705622061 0.1448451727628708 294
1758705622522 0.1435021460056305 295
1758705623424 0.2794427275657654 296
1758705623899 0.12061451375484467 297
1758705624837 0.17864209413528442 298
1758705625321 0.208936408162117 299
1758705626234 0.1586606651544571 300
1758705626687 0.14119550585746765 301
1758705627577 0.14950817823410034 302
1758705628079 0.15350523591041565 303
1758705628941 0.13322682678699493 304
1758705629423 0.2855662703514099 305
1758705630378 0.185188427567482 306
1758705630820 0.11016863584518433 307
1758705631847 0.3100683093070984 308
1758705632229 0.20578722655773163 309
1758705633008 0.1368502825498581 310
1758705633385 0.11594873666763306 311
1758705635113 0.155223086476326 312
1758705635467 0.12433565407991409 313
1758705636289 0.23360510170459747 314
1758705636654 0.12041529268026352 315
1758705637541 0.13535383343696594 316
1758705638188 0.13734042644500732 317
1758705639170 0.1127016469836235 318
1758705639680 0.1752440631389618 319
1758705640540 0.12778601050376892 320
1758705641018 0.13748538494110107 321
1758705641952 0.13265499472618103 322
1758705642433 0.11224786192178726 323
1758705643421 0.12583112716674805 324
1758705643862 0.35169968008995056 325
1758705644968 0.12857849895954132 326
1758705645441 0.4874735474586487 327
1758705646566 0.2518334984779358 328
1758705647044 0.09999293088912964 329
1758705648047 0.1550188958644867 330
1758705648422 0.14068292081356049 331
1758705649525 0.18498118221759796 332
1758705649882 0.4844476282596588 333
1758705651164 0.16852737963199615 334
1758705651684 0.13669957220554352 335
1758705652787 0.10993447154760361 336
1758705653180 0.10389292240142822 337
1758705654218 0.23965977132320404 338
1758705654694 0.17046581208705902 339
1758705655648 0.1363212615251541 340
1758705656121 0.2839564085006714 341
1758705657072 0.23830920457839966 342
1758705657564 0.32532191276550293 343
1758705658661 0.1381257176399231 344
1758705659143 0.34136801958084106 345
1758705660360 0.17756786942481995 346
1758705660785 0.16791003942489624 347
1758705662199 0.1026793047785759 348
1758705662706 0.14877080917358398 349
1758705663618 0.1866772621870041 350
1758705664036 0.1499188095331192 351
1758705665435 0.5597201585769653 352
1758705666040 0.7010052800178528 353
1758705666979 0.17150257527828217 354
1758705667456 0.14694297313690186 355
1758705668362 0.11781817674636841 356
1758705668775 0.1732252687215805 357
1758705669878 0.16246125102043152 358
1758705670256 0.13569462299346924 359
1758705706406 0.1709321290254593 360
1758705706778 0.12125249952077866 361
1758705707679 0.16685430705547333 362
1758705708167 0.10643353313207626 363
1758705709086 0.10720247775316238 364
1758705709454 0.12401425838470459 365
1758705710448 0.10289259999990463 366
1758705710913 0.10527937114238739 367
1758705711838 0.08480895310640335 368
1758705712337 0.0933293029665947 369
1758705713259 0.2145223170518875 370
1758705713757 0.08630086481571198 371
1758705714650 0.2723495662212372 372
1758705715171 0.25963038206100464 373
1758705716087 0.105317622423172 374
1758705716467 0.12179804593324661 375
1758705717517 0.13102565705776215 376
1758705718031 0.174147829413414 377
1758705718920 0.16045460104942322 378
1758705719375 0.10134084522724152 379
1758705720393 0.17561720311641693 380
1758705720841 0.14263100922107697 381
1758705721686 0.10567453503608704 382
1758705722159 0.13831952214241028 383
1758705723080 0.12795744836330414 384
1758705723742 0.2035166621208191 385
1758705724613 0.10122492909431458 386
1758705725105 0.2435571551322937 387
1758705725978 0.08658581227064133 388
1758705726357 0.37257957458496094 389
1758705727363 0.18818038702011108 390
1758705727870 0.1642153263092041 391
1758705728811 0.19797459244728088 392
1758705729307 0.11269105970859528 393
1758705730207 0.6452268958091736 394
1758705730702 0.12727679312229156 395
1758705731618 0.19396188855171204 396
1758705732099 0.2345472276210785 397
1758705733064 0.14350180327892303 398
1758705733419 0.16997167468070984 399
1758705734448 0.2458830028772354 400
1758705734905 0.18601687252521515 401
1758705735762 0.14665855467319489 402
1758705736237 0.0995938777923584 403
1758705737083 0.09806717187166214 404
1758705737542 0.15960706770420074 405
1758705738403 0.12064189463853836 406
1758705738759 0.14052832126617432 407
1758705739706 0.1743786782026291 408
1758705740089 0.4714476466178894 409
1758705740988 0.1592463105916977 410
1758705741436 0.09113720804452896 411
1758705742299 0.10835491865873337 412
1758705742658 0.11231381446123123 413
1758705743630 0.13980215787887573 414
1758705743995 0.1825951337814331 415
1758705745194 0.14341770112514496 416
1758705745583 0.11896826326847076 417
1758705746451 0.10370241850614548 418
1758705746914 0.1315007507801056 419
1758705747755 0.11004408448934555 420
1758705748198 0.13096702098846436 421
1758705748996 0.2425464689731598 422
1758705749361 0.13218945264816284 423
1758705750292 0.08906294405460358 424
1758705750678 0.1724255383014679 425
1758705751656 0.26736366748809814 426
1758705752032 0.12413554638624191 427
1758705752935 0.0732809379696846 428
1758705753407 0.13874098658561707 429
1758705754317 0.17518019676208496 430
1758705754713 0.10648816078901291 431
1758705755678 0.18857219815254211 432
1758705756070 0.16032983362674713 433
1758705757073 0.21076570451259613 434
1758705757555 0.2211834043264389 435
1758705758412 0.12888802587985992 436
1758705758877 0.1778877228498459 437
1758705759798 0.16649876534938812 438
1758705760319 0.1033729612827301 439
1758705761313 0.15510956943035126 440
1758705761813 0.1929495483636856 441
1758705762749 0.10563477873802185 442
1758705763207 0.1224258542060852 443
1758705764127 0.24152006208896637 444
1758705764652 0.19336114823818207 445
1758705765488 0.13515688478946686 446
1758705766009 0.29245224595069885 447
1758705767192 0.1190343052148819 448
1758705767583 0.09405921399593353 449
1758705768496 0.1722525954246521 450
1758705768869 0.09368392080068588 451
1758705770071 0.10556486994028091 452
1758705770588 0.15915735065937042 453
1758705771716 0.17597831785678864 454
1758705772203 0.19645777344703674 455
1758705773133 0.10322248935699463 456
1758705773524 0.09468284994363785 457
1758705774617 0.1109602078795433 458
1758705775133 0.07896428555250168 459
1758705776051 0.1718447357416153 460
1758705776532 0.07450051605701447 461
1758705777533 0.099363774061203 462
1758705778054 0.07701731473207474 463
1758705778973 0.17398178577423096 464
1758705779546 0.10677491873502731 465
1758705780569 0.08982975035905838 466
1758705781174 0.10286087542772293 467
1758705782219 0.5659564137458801 468
1758705782642 0.1156187579035759 469
1758705783724 0.15210366249084473 470
1758705784118 0.07986190915107727 471
1758705785402 0.1073528379201889 472
1758705785929 0.18602293729782104 473
1758705787194 0.1670907884836197 474
1758705787602 0.17632512748241425 475
1758705788640 0.24857202172279358 476
1758705789045 0.08147022128105164 477
1758705790212 0.112152598798275 478
1758705790583 0.12352366000413895 479
