1758704673987 0.0 0
1758704674494 0.0 1
1758704675312 0.0 2
1758704675713 0.0 3
1758704676904 0.0 4
1758704677294 0.0 5
1758704678170 0.0 6
1758704678674 0.0 7
1758704679767 0.0 8
1758704680192 0.0 9
1758704680980 0.0 10
1758704681482 0.0 11
1758704682518 0.0 12
1758704682928 0.0 13
1758704684002 0.0 14
1758704684583 0.0 15
1758704685499 0.0 16
1758704686046 0.0 17
1758704687011 0.0 18
1758704687581 0.0 19
1758704688487 0.0 20
1758704689035 0.0 21
1758704689950 0.0 22
1758704690447 0.0 23
1758704691347 0.0 24
1758704691852 0.0 25
1758704692795 0.0 26
1758704693235 0.0 27
1758704694278 0.0 28
1758704694797 0.0 29
1758704695716 0.0 30
1758704696218 0.0 31
1758704697101 0.0 32
1758704697682 0.0 33
1758704698583 0.0 34
1758704699074 0.0 35
1758704699940 0.0 36
1758704700502 0.0 37
1758704701540 0.0 38
1758704701961 0.0 39
1758704702657 0.0 40
1758704703162 0.0 41
1758704703988 0.0 42
1758704704500 0.0 43
1758704705369 0.0 44
1758704705863 0.0 45
1758704706746 0.0 46
1758704707258 0.0 47
1758704708205 0.0 48
1758704708719 0.0 49
1758704709582 0.0 50
1758704710103 0.0 51
1758704711018 0.0 52
1758704711511 0.0 53
1758704712413 0.0 54
1758704712865 0.0 55
1758704713769 0.0 56
1758704714175 0.0 57
1758704715323 0.0 58
1758704715850 0.0 59
1758704716850 0.0 60
1758704717315 0.0 61
1758704718254 0.0 62
1758704718780 0.0 63
1758704719701 0.0 64
1758704720174 0.0 65
1758704721104 0.0 66
1758704721665 0.0 67
1758704722553 0.0 68
1758704723103 0.0 69
1758704723951 0.0 70
1758704724450 0.0 71
1758704725299 0.0 72
1758704725784 0.0 73
1758704726674 0.0 74
1758704727182 0.0 75
1758704728068 0.0 76
1758704728528 0.0 77
1758704729358 0.0 78
1758704729829 0.0 79
1758704730735 0.0 80
1758704731302 0.0 81
1758704732164 0.0 82
1758704732645 0.0 83
1758704733518 0.0 84
1758704733997 0.0 85
1758704734872 0.0 86
1758704735399 0.0 87
1758704736253 0.0 88
1758704736725 0.0 89
1758704737566 0.0 90
1758704737946 0.0 91
1758704738954 0.0 92
1758704739420 0.0 93
1758704740315 0.0 94
1758704740780 0.0 95
1758704741661 0.0 96
1758704742108 0.0 97
1758704742912 0.0 98
1758704743380 0.0 99
1758704744221 0.0 100
1758704744602 0.0 101
1758704745575 0.0 102
1758704746015 0.0 103
1758704746932 0.0 104
1758704747412 0.0 105
1758704748276 0.0 106
1758704748762 0.0 107
1758704749636 0.0 108
1758704749998 0.0 109
1758704751113 0.0 110
1758704751608 0.0 111
1758704752234 0.0 112
1758704752602 0.0 113
1758704753655 0.0 114
1758704754150 0.0 115
1758704755039 0.0 116
1758704755512 0.0 117
1758704756404 0.0 118
1758704756768 0.0 119
1758704785277 0.0 119
1758704786127 0.0 119
1758704789133 1.0 120
1758704789533 1.0 121
1758704790446 1.0 122
1758704790869 1.0 123
1758704791864 1.0 124
1758704792269 1.0 125
1758704793439 1.0 126
1758704793944 1.0 127
1758704794910 1.0 128
1758704795424 1.0 129
1758704796370 1.0 130
1758704796879 1.0 131
1758704797861 1.0 132
1758704798427 1.0 133
1758704799371 1.0 134
1758704799955 1.0 135
1758704800896 1.0 136
1758704801448 1.0 137
1758704802386 1.0 138
1758704802866 1.0 139
1758704804046 1.0 140
1758704804567 1.0 141
1758704805517 1.0 142
1758704805911 1.0 143
1758704807187 1.0 144
1758704807641 1.0 145
1758704808357 1.0 146
1758704808896 1.0 147
1758704809849 1.0 148
1758704810349 1.0 149
1758704811369 1.0 150
1758704811739 1.0 151
1758704812665 1.0 152
1758704813151 1.0 153
1758704814076 1.0 154
1758704814443 1.0 155
1758704815436 1.0 156
1758704815915 1.0 157
1758704816791 1.0 158
1758704817151 1.0 159
1758704818197 1.0 160
1758704818773 1.0 161
1758704819702 1.0 162
1758704820086 1.0 163
1758704821110 1.0 164
1758704821666 1.0 165
1758704822520 1.0 166
1758704823026 1.0 167
1758704823938 1.0 168
1758704824445 1.0 169
1758704825356 1.0 170
1758704825827 1.0 171
1758704826886 1.0 172
1758704827331 1.0 173
1758704828167 1.0 174
1758704828626 1.0 175
1758704829637 1.0 176
1758704830016 1.0 177
1758704831134 1.0 178
1758704831660 1.0 179
1758704832656 1.0 180
1758704833274 1.0 181
1758704834204 1.0 182
1758704834723 1.0 183
1758704835803 1.0 184
1758704836427 1.0 185
1758704837172 1.0 186
1758704837638 1.0 187
1758704838568 1.0 188
1758704838938 1.0 189
1758704839957 1.0 190
1758704840479 1.0 191
1758704841366 1.0 192
1758704841853 1.0 193
1758704843034 1.0 194
1758704843444 1.0 195
1758704844438 1.0 196
1758704844974 1.0 197
1758704845828 1.0 198
1758704846310 1.0 199
1758704847191 1.0 200
1758704847657 1.0 201
1758704848508 1.0 202
1758704848975 1.0 203
1758704849852 1.0 204
1758704850291 1.0 205
1758704851237 1.0 206
1758704851680 1.0 207
1758704852572 1.0 208
1758704852941 1.0 209
1758704853953 1.0 210
1758704854319 1.0 211
1758704855454 1.0 212
1758704855974 1.0 213
1758704856799 1.0 214
1758704857174 1.0 215
1758704858142 1.0 216
1758704858505 1.0 217
1758704859605 1.0 218
1758704860079 1.0 219
1758704860990 1.0 220
1758704861362 1.0 221
1758704862481 1.0 222
1758704863039 1.0 223
1758704863977 1.0 224
1758704864458 1.0 225
1758704865444 1.0 226
1758704865835 1.0 227
1758704866883 1.0 228
1758704867244 1.0 229
1758704868264 1.0 230
1758704868628 1.0 231
1758704869842 1.0 232
1758704870201 1.0 233
1758704871019 1.0 234
1758704871495 1.0 235
1758704872390 1.0 236
1758704872903 1.0 237
1758704873760 1.0 238
1758704874112 1.0 239
1758704903686 1.0 239
1758704904486 1.0 239
1758704907847 2.0 240
1758704908260 2.0 241
1758704909253 2.0 242
1758704909630 2.0 243
1758704910754 2.0 244
1758704911317 2.0 245
1758704912282 2.0 246
1758704912803 2.0 247
1758704913756 2.0 248
1758704914237 2.0 249
1758704915391 2.0 250
1758704915786 2.0 251
1758704916778 2.0 252
1758704917150 2.0 253
1758704918275 2.0 254
1758704918663 2.0 255
1758704919770 2.0 256
1758704920193 2.0 257
1758704921306 2.0 258
1758704921835 2.0 259
1758704922769 2.0 260
1758704923393 2.0 261
1758704924163 2.0 262
1758704924671 2.0 263
1758704925561 2.0 264
1758704926046 2.0 265
1758704927046 2.0 266
1758704927428 2.0 267
1758704928711 2.0 268
1758704929148 2.0 269
1758704929966 2.0 270
1758704930510 2.0 271
1758704931375 2.0 272
1758704931909 2.0 273
1758704932825 2.0 274
1758704933284 2.0 275
1758704934319 2.0 276
1758704934726 2.0 277
1758704935719 2.0 278
1758704936093 2.0 279
1758704937058 2.0 280
1758704937732 2.0 281
1758704938428 2.0 282
1758704938935 2.0 283
1758704939795 2.0 284
1758704940177 2.0 285
1758704941330 2.0 286
1758704941691 2.0 287
1758704942706 2.0 288
1758704943157 2.0 289
1758704944120 2.0 290
1758704944494 2.0 291
1758704945530 2.0 292
1758704946035 2.0 293
1758704946988 2.0 294
1758704947377 2.0 295
1758704948618 2.0 296
1758704948973 2.0 297
1758704950126 2.0 298
1758704950732 2.0 299
1758704952138 2.0 300
1758704952634 2.0 301
1758704953675 2.0 302
1758704954088 2.0 303
1758704955182 2.0 304
1758704955671 2.0 305
1758704956577 2.0 306
1758704957148 2.0 307
1758704958056 2.0 308
1758704958540 2.0 309
1758704959501 2.0 310
1758704960014 2.0 311
1758704961029 2.0 312
1758704961476 2.0 313
1758704962786 2.0 314
1758704963151 2.0 315
1758704964174 2.0 316
1758704964698 2.0 317
1758704965578 2.0 318
1758704965922 2.0 319
1758704966998 2.0 320
1758704967479 2.0 321
1758704968383 2.0 322
1758704968749 2.0 323
1758704969818 2.0 324
1758704970308 2.0 325
1758704971177 2.0 326
1758704971534 2.0 327
1758704972661 2.0 328
1758704973021 2.0 329
1758704973929 2.0 330
1758704974294 2.0 331
1758704975351 2.0 332
1758704975717 2.0 333
1758704976810 2.0 334
1758704977374 2.0 335
1758704978314 2.0 336
1758704978683 2.0 337
1758704979644 2.0 338
1758704980117 2.0 339
1758704980943 2.0 340
1758704981427 2.0 341
1758704982270 2.0 342
1758704982767 2.0 343
1758704983631 2.0 344
1758704984062 2.0 345
1758704984913 2.0 346
1758704985355 2.0 347
1758704986288 2.0 348
1758704986671 2.0 349
1758704987645 2.0 350
1758704987993 2.0 351
1758704989163 2.0 352
1758704989678 2.0 353
1758704990545 2.0 354
1758704991039 2.0 355
1758704992000 2.0 356
1758704992484 2.0 357
1758704993355 2.0 358
1758704993720 2.0 359
1758705023744 2.0 359
1758705024521 2.0 359
1758705027822 3.0 360
1758705028205 3.0 361
1758705029139 3.0 362
1758705029528 3.0 363
1758705030863 3.0 364
1758705031236 3.0 365
1758705032178 3.0 366
1758705032571 3.0 367
1758705033901 3.0 368
1758705034282 3.0 369
1758705035139 3.0 370
1758705035638 3.0 371
1758705036698 3.0 372
1758705037095 3.0 373
1758705038547 3.0 374
1758705039086 3.0 375
1758705040066 3.0 376
1758705040471 3.0 377
1758705041560 3.0 378
1758705041948 3.0 379
1758705043074 3.0 380
1758705043617 3.0 381
1758705044529 3.0 382
1758705044909 3.0 383
1758705045987 3.0 384
1758705046407 3.0 385
1758705047467 3.0 386
1758705048027 3.0 387
1758705049116 3.0 388
1758705049609 3.0 389
1758705050729 3.0 390
1758705051117 3.0 391
1758705051946 3.0 392
1758705052539 3.0 393
1758705053752 3.0 394
1758705054229 3.0 395
1758705055168 3.0 396
1758705055691 3.0 397
1758705056778 3.0 398
1758705057249 3.0 399
1758705058149 3.0 400
1758705058637 3.0 401
1758705059530 3.0 402
1758705060018 3.0 403
1758705060934 3.0 404
1758705061495 3.0 405
1758705062451 3.0 406
1758705063078 3.0 407
1758705063865 3.0 408
1758705064280 3.0 409
1758705065191 3.0 410
1758705065736 3.0 411
1758705066632 3.0 412
1758705067159 3.0 413
1758705068087 3.0 414
1758705068555 3.0 415
1758705069429 3.0 416
1758705069899 3.0 417
1758705070783 3.0 418
1758705071140 3.0 419
1758705072241 3.0 420
1758705072608 3.0 421
1758705073652 3.0 422
1758705074141 3.0 423
1758705075050 3.0 424
1758705075530 3.0 425
1758705076413 3.0 426
1758705076833 3.0 427
1758705078052 3.0 428
1758705078451 3.0 429
1758705079313 3.0 430
1758705079683 3.0 431
1758705080731 3.0 432
1758705081312 3.0 433
1758705082235 3.0 434
1758705082732 3.0 435
1758705083643 3.0 436
1758705084011 3.0 437
1758705085043 3.0 438
1758705085543 3.0 439
1758705086384 3.0 440
1758705086875 3.0 441
1758705087702 3.0 442
1758705088222 3.0 443
1758705089119 3.0 444
1758705089476 3.0 445
1758705090630 3.0 446
1758705091102 3.0 447
1758705091931 3.0 448
1758705092385 3.0 449
1758705093416 3.0 450
1758705094047 3.0 451
1758705095058 3.0 452
1758705095593 3.0 453
1758705096547 3.0 454
1758705096954 3.0 455
1758705098018 3.0 456
1758705098460 3.0 457
1758705099545 3.0 458
1758705099995 3.0 459
1758705101134 3.0 460
1758705101583 3.0 461
1758705102917 3.0 462
1758705103320 3.0 463
1758705104343 3.0 464
1758705104795 3.0 465
1758705105623 3.0 466
1758705106185 3.0 467
1758705107281 3.0 468
1758705107703 3.0 469
1758705108504 3.0 470
1758705109046 3.0 471
1758705109969 3.0 472
1758705110450 3.0 473
1758705111373 3.0 474
1758705111878 3.0 475
1758705112811 3.0 476
1758705113298 3.0 477
1758705114230 3.0 478
1758705114631 3.0 479
1758705146408 3.0 479
1758705147068 3.0 479
