1758703135320 0.0 0
1758703146050 3.2 1
1758703156818 5.3 2
1758703168182 3.1 3
1758703179886 3.2 4
1758703191674 3.7 5
1758703202982 3.3 6
1758703214367 4.2 7
1758703225654 3.0 8
1758703236520 3.3 9
1758703247322 2.8 10
1758703258493 4.4 11
1758703269665 3.3 12
1758703281048 2.5 13
1758703292582 4.4 14
1758703303866 3.2 15
1758703315608 3.0 16
1758703326703 4.3 17
1758703338280 2.8 18
1758703349413 3.3 19
1758703360312 4.3 20
1758703371321 2.7 21
1758703382479 3.3 22
1758703393414 4.3 23
1758703404940 2.7 24
1758703415713 3.6 25
1758703426396 4.6 26
1758703437100 3.7 27
1758703447863 3.8 28
1758703458412 4.0 29
1758703468977 3.7 30
1758703479735 3.9 31
1758703490245 4.0 32
1758703500989 3.9 33
1758703511786 3.4 34
1758703522537 3.7 35
1758703533465 3.1 36
1758703544423 3.8 37
1758703555306 3.3 38
1758703565864 4.8 39
1758703576491 3.3 40
1758703587033 3.5 41
1758703597621 4.7 42
1758703608223 3.3 43
1758703618941 4.0 44
1758703629654 4.5 45
1758703640685 2.8 46
1758703651421 3.5 47
1758703662213 4.8 48
1758703672982 3.4 49
1758703683603 3.6 50
1758703694257 4.8 51
1758703704837 3.2 52
1758703715458 3.6 53
1758703726106 3.4 54
1758703737003 4.9 55
1758703748097 3.5 56
1758703759106 2.6 57
1758703769982 4.8 58
1758703780829 3.8 59
1758703791468 3.2 60
1758703802035 4.8 61
1758703812579 3.8 62
1758703823225 3.1 63
1758703833839 4.7 64
1758703844586 3.7 65
1758703855352 3.2 66
1758703866157 3.5 67
1758703876950 4.1 68
1758703887640 2.8 69
1758703898348 3.7 70
1758703909593 2.4 71
1758703921729 4.0 72
1758703933735 4.5 73
1758703945879 3.0 74
1758703958594 3.7 75
1758703971417 3.9 76
1758703984049 3.8 77
1758703997079 3.4 78
1758704009891 4.2 79
1758704022275 3.6 80
1758704034330 3.9 81
1758704045805 3.9 82
1758704056539 3.3 83
1758704067453 3.5 84
1758704078420 4.8 85
1758704089173 3.0 86
1758704099958 4.0 87
1758704110851 5.3 88
1758704121562 3.0 89
1758704132096 3.7 90
1758704142612 4.8 91
1758704153200 2.9 92
1758704163766 3.3 93
1758704174426 5.0 94
1758704185382 3.2 95
1758704196226 3.7 96
1758704206951 3.2 97
1758704218076 4.9 98
1758704228954 3.8 99
1758704239672 3.3 100
1758704250222 4.9 101
1758704260764 3.4 102
1758704271271 2.9 103
1758704281889 4.4 104
1758704292665 3.9 105
1758704303307 3.3 106
1758704314001 4.5 107
1758704324655 3.6 108
1758704335387 3.4 109
1758704346102 4.8 110
1758704356652 3.3 111
1758704367179 3.9 112
1758704377750 4.6 113
1758704388332 2.7 114
1758704398990 3.8 115
1758704409649 4.7 116
1758704420475 4.2 117
1758704431374 5.3 118
1758704442292 7.3 119
1758704453124 3.7 120
1758704463804 3.8 121
1758704474514 4.6 122
1758704485191 3.2 123
1758704495846 3.7 124
1758704506455 4.0 125
1758704517010 3.3 126
1758704527709 2.8 127
1758704539134 3.6 128
1758704551569 3.9 129
1758704564361 4.5 130
1758704576677 3.2 131
1758704588569 3.8 132
1758704600625 4.0 133
1758704612633 3.7 134
1758704624549 4.7 135
1758704636698 3.3 136
1758704648777 3.7 137
1758704660842 3.8 138
1758704672717 3.5 139
1758704683422 5.1 140
1758704694121 3.4 141
1758704704883 3.7 142
1758704715664 4.4 143
1758704726526 3.3 144
1758704737130 3.8 145
1758704747777 4.4 146
1758704758421 4.0 147
1758704769072 3.9 148
1758704779739 3.7 149
1758704790369 3.5 150
1758704801115 3.6 151
1758704811827 4.2 152
1758704822597 3.8 153
1758704833448 3.6 154
1758704844194 4.1 155
1758704854871 3.6 156
1758704865410 3.6 157
1758704876086 4.6 158
1758704886697 3.7 159
1758704897521 2.8 160
1758704908294 4.4 161
1758704918999 3.3 162
1758704929717 3.1 163
1758704940471 5.2 164
1758704951157 3.7 165
1758704961765 2.7 166
1758704972318 4.5 167
1758704982931 3.6 168
1758704993501 3.4 169
1758705004308 4.9 170
1758705015006 3.4 171
1758705025916 2.9 172
1758705036653 4.4 173
1758705047338 3.1 174
1758705057993 4.1 175
1758705068841 4.9 176
1758705079472 2.8 177
1758705090172 3.8 178
1758705101047 4.8 179
1758705111780 2.8 180
1758705122537 4.0 181
1758705133380 4.6 182
1758705144015 2.8 183
1758705154642 3.2 184
1758705165270 4.1 185
1758705175980 2.5 186
1758705187220 3.4 187
1758705199872 3.8 188
1758705212014 3.6 189
1758705226456 3.3 190
1758705239903 4.0 191
1758705253072 3.6 192
1758705265775 3.7 193
1758705278376 3.5 194
1758705291191 3.9 195
1758705303523 3.5 196
1758705316539 3.4 197
1758705329145 4.3 198
1758705340797 3.5 199
1758705351425 2.8 200
1758705362095 4.9 201
1758705372844 4.0 202
1758705383544 3.0 203
1758705394289 4.4 204
1758705404973 3.5 205
1758705415639 3.3 206
1758705426324 4.7 207
1758705437127 3.5 208
1758705447722 3.5 209
1758705458361 4.5 210
1758705468996 2.6 211
1758705479640 4.1 212
1758705490316 5.1 213
1758705501011 3.3 214
1758705511755 3.8 215
1758705522862 4.7 216
1758705533585 3.0 217
1758705544308 3.7 218
1758705555169 4.5 219
1758705565939 3.5 220
1758705576974 3.5 221
1758705587593 3.9 222
1758705598193 3.8 223
1758705608786 3.8 224
1758705619446 3.9 225
1758705630105 4.1 226
1758705640795 4.8 227
1758705651597 2.9 228
1758705662487 3.6 229
1758705673198 4.7 230
1758705683910 3.1 231
1758705694618 3.5 232
1758705705258 3.1 233
1758705715865 4.2 234
1758705726650 3.8 235
1758705737304 3.2 236
1758705747962 4.9 237
1758705758667 4.0 238
1758705769416 3.0 239
1758705780152 5.0 240
1758705791140 3.8 241
1758705801817 3.9 242
1758705812569 3.6 243
1758705823264 3.4 244
1758705834067 2.8 245
1758705844730 4.3 246
