1758703135320 38.1 0
1758703146050 38.1 1
1758703156818 38.2 2
1758703168182 38.2 3
1758703179886 38.2 4
1758703191674 38.2 5
1758703202982 38.2 6
1758703214367 38.2 7
1758703225654 38.2 8
1758703236520 38.2 9
1758703247322 38.2 10
1758703258493 38.2 11
1758703269665 38.2 12
1758703281048 38.2 13
1758703292582 38.2 14
1758703303866 38.2 15
1758703315608 38.2 16
1758703326703 38.2 17
1758703338280 38.2 18
1758703349413 38.2 19
1758703360312 38.2 20
1758703371321 38.2 21
1758703382479 38.2 22
1758703393414 38.2 23
1758703404940 38.2 24
1758703415713 38.2 25
1758703426396 38.2 26
1758703437100 38.2 27
1758703447863 38.2 28
1758703458412 38.2 29
1758703468977 38.2 30
1758703479735 38.2 31
1758703490245 38.2 32
1758703500989 38.2 33
1758703511786 38.2 34
1758703522537 38.2 35
1758703533465 38.2 36
1758703544423 38.2 37
1758703555306 38.2 38
1758703565864 38.2 39
1758703576491 38.2 40
1758703587033 38.2 41
1758703597621 38.2 42
1758703608223 38.2 43
1758703618941 38.2 44
1758703629654 38.2 45
1758703640685 38.2 46
1758703651421 38.2 47
1758703662213 38.2 48
1758703672982 38.2 49
1758703683603 38.2 50
1758703694257 38.2 51
1758703704837 38.2 52
1758703715458 38.2 53
1758703726106 38.2 54
1758703737003 38.2 55
1758703748097 38.2 56
1758703759106 38.2 57
1758703769982 38.2 58
1758703780829 38.2 59
1758703791468 38.2 60
1758703802035 38.2 61
1758703812579 38.2 62
1758703823225 38.2 63
1758703833839 38.2 64
1758703844586 38.2 65
1758703855352 38.2 66
1758703866157 38.2 67
1758703876950 38.2 68
1758703887640 38.2 69
1758703898348 38.2 70
1758703909593 38.2 71
1758703921729 38.2 72
1758703933735 38.2 73
1758703945879 38.2 74
1758703958594 38.2 75
1758703971417 38.2 76
1758703984049 38.2 77
1758703997079 38.2 78
1758704009891 38.2 79
1758704022275 38.2 80
1758704034330 38.2 81
1758704045805 38.2 82
1758704056539 38.2 83
1758704067453 38.2 84
1758704078420 38.2 85
1758704089173 38.2 86
1758704099958 38.2 87
1758704110851 38.2 88
1758704121562 38.2 89
1758704132096 38.2 90
1758704142612 38.2 91
1758704153200 38.2 92
1758704163766 38.2 93
1758704174426 38.2 94
1758704185382 38.2 95
1758704196226 38.2 96
1758704206951 38.2 97
1758704218076 38.2 98
1758704228954 38.2 99
1758704239672 38.2 100
1758704250222 38.2 101
1758704260764 38.2 102
1758704271271 38.2 103
1758704281889 38.2 104
1758704292665 38.2 105
1758704303307 38.2 106
1758704314001 38.2 107
1758704324655 38.2 108
1758704335387 38.2 109
1758704346102 38.2 110
1758704356652 38.2 111
1758704367179 38.2 112
1758704377750 38.2 113
1758704388332 38.2 114
1758704398990 38.2 115
1758704409649 38.2 116
1758704420475 38.2 117
1758704431374 38.2 118
1758704442292 38.2 119
1758704453124 38.2 120
1758704463804 38.2 121
1758704474514 38.2 122
1758704485191 38.2 123
1758704495846 38.2 124
1758704506455 38.2 125
1758704517010 38.2 126
1758704527709 38.2 127
1758704539134 38.2 128
1758704551569 38.2 129
1758704564361 38.2 130
1758704576677 38.2 131
1758704588569 38.2 132
1758704600625 38.2 133
1758704612633 38.2 134
1758704624549 38.2 135
1758704636698 38.2 136
1758704648777 38.2 137
1758704660842 38.2 138
1758704672717 38.2 139
1758704683422 38.2 140
1758704694121 38.2 141
1758704704883 38.2 142
1758704715664 38.2 143
1758704726526 38.2 144
1758704737130 38.2 145
1758704747777 38.2 146
1758704758421 38.2 147
1758704769072 38.2 148
1758704779739 38.2 149
1758704790369 38.2 150
1758704801115 38.2 151
1758704811827 38.2 152
1758704822597 38.2 153
1758704833448 38.2 154
1758704844194 38.2 155
1758704854871 38.2 156
1758704865410 38.2 157
1758704876086 38.2 158
1758704886697 38.2 159
1758704897521 38.2 160
1758704908294 38.2 161
1758704918999 38.2 162
1758704929717 38.2 163
1758704940471 38.2 164
1758704951157 38.2 165
1758704961765 38.2 166
1758704972318 38.2 167
1758704982931 38.2 168
1758704993501 38.2 169
1758705004308 38.2 170
1758705015006 38.2 171
1758705025916 38.2 172
1758705036653 38.2 173
1758705047338 38.2 174
1758705057993 38.2 175
1758705068841 38.2 176
1758705079472 38.2 177
1758705090172 38.2 178
1758705101047 38.2 179
1758705111780 38.2 180
1758705122537 38.2 181
1758705133380 38.2 182
1758705144015 38.2 183
1758705154642 38.2 184
1758705165270 38.2 185
1758705175980 38.2 186
1758705187220 38.2 187
1758705199872 38.2 188
1758705212014 38.2 189
1758705226456 38.2 190
1758705239903 38.2 191
1758705253072 38.2 192
1758705265775 38.2 193
1758705278376 38.2 194
1758705291191 38.2 195
1758705303523 38.2 196
1758705316539 38.2 197
1758705329145 38.2 198
1758705340797 38.2 199
1758705351425 38.2 200
1758705362095 38.2 201
1758705372844 38.2 202
1758705383544 38.2 203
1758705394289 38.2 204
1758705404973 38.2 205
1758705415639 38.2 206
1758705426324 38.2 207
1758705437127 38.2 208
1758705447722 38.2 209
1758705458361 38.2 210
1758705468996 38.2 211
1758705479640 38.2 212
1758705490316 38.2 213
1758705501011 38.2 214
1758705511755 38.2 215
1758705522862 38.2 216
1758705533585 38.2 217
1758705544308 38.2 218
1758705555169 38.2 219
1758705565939 38.2 220
1758705576974 38.2 221
1758705587593 38.2 222
1758705598193 38.2 223
1758705608786 38.2 224
1758705619446 38.2 225
1758705630105 38.2 226
1758705640795 38.2 227
1758705651597 38.2 228
1758705662487 38.2 229
1758705673198 38.2 230
1758705683910 38.2 231
1758705694618 38.2 232
1758705705258 38.2 233
1758705715865 38.2 234
1758705726650 38.2 235
1758705737304 38.2 236
1758705747962 38.2 237
1758705758667 38.2 238
1758705769416 38.2 239
1758705780152 38.2 240
1758705791140 38.2 241
1758705801817 38.2 242
1758705812569 38.2 243
1758705823264 38.2 244
1758705834067 38.2 245
1758705844730 38.2 246
