1758703135320 1980122.4 0
1758703146050 1980122.4 1
1758703156818 1977404.7 2
1758703168182 1977404.7 3
1758703179886 1977404.7 4
1758703191674 1977412.5 5
1758703202982 1977412.5 6
1758703214367 1977412.5 7
1758703225654 1977412.5 8
1758703236520 1977412.5 9
1758703247322 1977412.5 10
1758703258493 1977412.5 11
1758703269665 1977412.5 12
1758703281048 1977412.5 13
1758703292582 1977412.5 14
1758703303866 1977412.5 15
1758703315608 1977412.5 16
1758703326703 1977412.5 17
1758703338280 1977412.5 18
1758703349413 1977412.5 19
1758703360312 1977412.5 20
1758703371321 1977412.5 21
1758703382479 1977412.5 22
1758703393414 1977412.5 23
1758703404940 1977412.5 24
1758703415713 1977412.5 25
1758703426396 1977412.5 26
1758703437100 1977412.5 27
1758703447863 1977412.5 28
1758703458412 1977468.8 29
1758703468977 1977468.8 30
1758703479735 1977468.8 31
1758703490245 1977468.8 32
1758703500989 1977468.8 33
1758703511786 1977468.8 34
1758703522537 1977468.8 35
1758703533465 1977468.8 36
1758703544423 1977468.8 37
1758703555306 1977468.8 38
1758703565864 1977468.8 39
1758703576491 1977468.8 40
1758703587033 1977468.8 41
1758703597621 1977468.8 42
1758703608223 1977468.8 43
1758703618941 1977468.8 44
1758703629654 1977468.8 45
1758703640685 1977468.8 46
1758703651421 1977468.8 47
1758703662213 1977468.8 48
1758703672982 1977468.8 49
1758703683603 1977468.8 50
1758703694257 1977468.8 51
1758703704837 1977468.8 52
1758703715458 1977468.8 53
1758703726106 1977468.8 54
1758703737003 1977468.8 55
1758703748097 1977468.8 56
1758703759106 1977468.8 57
1758703769982 1977468.8 58
1758703780829 1977468.8 59
1758703791468 1977468.8 60
1758703802035 1977468.8 61
1758703812579 1977468.8 62
1758703823225 1977468.8 63
1758703833839 1977468.8 64
1758703844586 1977468.8 65
1758703855352 1977468.8 66
1758703866157 1977468.8 67
1758703876950 1977468.8 68
1758703887640 1977468.8 69
1758703898348 1977468.8 70
1758703909593 1977468.8 71
1758703921729 1977468.8 72
1758703933735 1977468.8 73
1758703945879 1977468.8 74
1758703958594 1977468.8 75
1758703971417 1977468.8 76
1758703984049 1977468.8 77
1758703997079 1977468.8 78
1758704009891 1977468.8 79
1758704022275 1977468.8 80
1758704034330 1977468.8 81
1758704045805 1977468.8 82
1758704056539 1977468.8 83
1758704067453 1977468.8 84
1758704078420 1977468.8 85
1758704089173 1977468.8 86
1758704099958 1977468.8 87
1758704110851 1977468.8 88
1758704121562 1977468.8 89
1758704132096 1977468.8 90
1758704142612 1977468.8 91
1758704153200 1977468.8 92
1758704163766 1977468.8 93
1758704174426 1977468.8 94
1758704185382 1977468.8 95
1758704196226 1977468.8 96
1758704206951 1977468.8 97
1758704218076 1977468.8 98
1758704228954 1977468.8 99
1758704239672 1977468.8 100
1758704250222 1977468.8 101
1758704260764 1977468.8 102
1758704271271 1977468.8 103
1758704281889 1977468.8 104
1758704292665 1977468.8 105
1758704303307 1977468.8 106
1758704314001 1977468.8 107
1758704324655 1977468.8 108
1758704335387 1977468.8 109
1758704346102 1977468.8 110
1758704356652 1977468.8 111
1758704367179 1977468.8 112
1758704377750 1977468.8 113
1758704388332 1977468.8 114
1758704398990 1977468.8 115
1758704409649 1977468.8 116
1758704420475 1977468.8 117
1758704431374 1977468.8 118
1758704442292 1977468.8 119
1758704453124 1977468.8 120
1758704463804 1977468.8 121
1758704474514 1977468.8 122
1758704485191 1977468.8 123
1758704495846 1977468.8 124
1758704506455 1977468.8 125
1758704517010 1977468.8 126
1758704527709 1977468.8 127
1758704539134 1977468.8 128
1758704551569 1977468.8 129
1758704564361 1977468.8 130
1758704576677 1977468.8 131
1758704588569 1977468.8 132
1758704600625 1977468.8 133
1758704612633 1977468.8 134
1758704624549 1977468.8 135
1758704636698 1977468.8 136
1758704648777 1977468.8 137
1758704660842 1977468.8 138
1758704672717 1977468.8 139
1758704683422 1977468.8 140
1758704694121 1977468.8 141
1758704704883 1977468.8 142
1758704715664 1977468.8 143
1758704726526 1977468.8 144
1758704737130 1977468.8 145
1758704747777 1977468.8 146
1758704758421 1977468.8 147
1758704769072 1977468.8 148
1758704779739 1977468.8 149
1758704790369 1977468.8 150
1758704801115 1977468.8 151
1758704811827 1977468.8 152
1758704822597 1977468.8 153
1758704833448 1977468.8 154
1758704844194 1977468.8 155
1758704854871 1977468.8 156
1758704865410 1977468.8 157
1758704876086 1977468.8 158
1758704886697 1977468.8 159
1758704897521 1977468.8 160
1758704908294 1977468.8 161
1758704918999 1977468.8 162
1758704929717 1977468.8 163
1758704940471 1977468.8 164
1758704951157 1977468.8 165
1758704961765 1977468.8 166
1758704972318 1977468.8 167
1758704982931 1977468.8 168
1758704993501 1977468.8 169
1758705004308 1977468.8 170
1758705015006 1977468.8 171
1758705025916 1977468.8 172
1758705036653 1977468.8 173
1758705047338 1977468.8 174
1758705057993 1977468.8 175
1758705068841 1977468.8 176
1758705079472 1977468.8 177
1758705090172 1977468.8 178
1758705101047 1977468.8 179
1758705111780 1977468.8 180
1758705122537 1977468.8 181
1758705133380 1977468.8 182
1758705144015 1977468.8 183
1758705154642 1977468.8 184
1758705165270 1977468.8 185
1758705175980 1977468.8 186
1758705187220 1977468.8 187
1758705199872 1977468.8 188
1758705212014 1977468.8 189
1758705226456 1977468.8 190
1758705239903 1977468.8 191
1758705253072 1977468.8 192
1758705265775 1977468.8 193
1758705278376 1977468.8 194
1758705291191 1977468.8 195
1758705303523 1977468.8 196
1758705316539 1977468.8 197
1758705329145 1977468.8 198
1758705340797 1977468.8 199
1758705351425 1977468.8 200
1758705362095 1977468.8 201
1758705372844 1977468.8 202
1758705383544 1977468.8 203
1758705394289 1977468.8 204
1758705404973 1977468.8 205
1758705415639 1977468.8 206
1758705426324 1977468.8 207
1758705437127 1977468.8 208
1758705447722 1977468.8 209
1758705458361 1977468.8 210
1758705468996 1977468.8 211
1758705479640 1977468.8 212
1758705490316 1977468.8 213
1758705501011 1977468.8 214
1758705511755 1977468.8 215
1758705522862 1977468.8 216
1758705533585 1977468.8 217
1758705544308 1977468.8 218
1758705555169 1977468.8 219
1758705565939 1977468.8 220
1758705576974 1977468.8 221
1758705587593 1977468.8 222
1758705598193 1977468.8 223
1758705608786 1977468.8 224
1758705619446 1977468.8 225
1758705630105 1977468.8 226
1758705640795 1977468.8 227
1758705651597 1977468.8 228
1758705662487 1977468.8 229
1758705673198 1977468.8 230
1758705683910 1977468.8 231
1758705694618 1977468.8 232
1758705705258 1977468.8 233
1758705715865 1977468.8 234
1758705726650 1977468.8 235
1758705737304 1977468.8 236
1758705747962 1977468.8 237
1758705758667 1977468.8 238
1758705769416 1977468.8 239
1758705780152 1977468.8 240
1758705791140 1977468.8 241
1758705801817 1977468.8 242
1758705812569 1977468.8 243
1758705823264 1977468.8 244
1758705834067 1977468.8 245
1758705844730 1977468.8 246
