1758703135320 0.0 0
1758703146050 0.026499999999999996 1
1758703156818 1274.877972 2
1758703168182 1274.885538 3
1758703179886 1274.894052 4
1758703191674 1274.902344 5
1758703202982 1274.910834 6
1758703214367 1274.918466 7
1758703225654 1274.92689 8
1758703236520 1274.937007 9
1758703247322 1274.951076 10
1758703258493 1274.9587980000001 11
1758703269665 1274.968278 12
1758703281048 1274.975604 13
1758703292582 1274.982972 14
1758703303866 1274.9903160000001 15
1758703315608 1274.997576 16
1758703326703 1275.004944 17
1758703338280 1275.0122880000001 18
1758703349413 1275.019698 19
1758703360312 1275.027108 20
1758703371321 1275.034542 21
1758703382479 1275.041802 22
1758703393414 1275.04926 23
1758703404940 1275.06393 24
1758703415713 1275.071298 25
1758703426396 1275.0789300000001 26
1758703437100 1275.0865800000001 27
1758703447863 1275.094212 28
1758703458412 1275.101646 29
1758703468977 1275.1091040000001 30
1758703479735 1275.116604 31
1758703490245 1275.124194 32
1758703500989 1275.13176 33
1758703511786 1275.139152 34
1758703522537 1275.146454 35
1758703533465 1275.153846 36
1758703544423 1275.161346 37
1758703555306 1275.168846 38
1758703565864 1275.176262 39
1758703576491 1275.183828 40
1758703587033 1275.191352 41
1758703597621 1275.198984 42
1758703608223 1275.20655 43
1758703618941 1275.214032 44
1758703629654 1275.2214000000001 45
1758703640685 1275.228834 46
1758703651421 1275.236244 47
1758703662213 1275.243744 48
1758703672982 1275.251376 49
1758703683603 1275.260757 50
1758703694257 1275.2740740000002 51
1758703704837 1275.281706 52
1758703715458 1275.289272 53
1758703726106 1275.2966880000001 54
1758703737003 1275.304122 55
1758703748097 1275.3114480000002 56
1758703759106 1275.318816 57
1758703769982 1275.32634 58
1758703780829 1275.333864 59
1758703791468 1275.341364 60
1758703802035 1275.3488220000002 61
1758703812579 1275.3563880000002 62
1758703823225 1275.363888 63
1758703833839 1275.371388 64
1758703844586 1275.37893 65
1758703855352 1275.386454 66
1758703866157 1275.393714 67
1758703876950 1275.401106 68
1758703887640 1275.4085400000001 69
1758703898348 1275.415866 70
1758703909593 1275.42486 71
1758703921729 1275.448688 72
1758703933735 1275.456014 73
1758703945879 1275.4633820000001 74
1758703958594 1275.4706840000001 75
1758703971417 1275.477944 76
1758703984049 1275.4853540000001 77
1758703997079 1275.5 78
1758704009891 1275.507368 79
1758704022275 1275.514736 80
1758704034330 1275.5221040000001 81
1758704045805 1275.529406 82
1758704056539 1275.536732 83
1758704067453 1275.544124 84
1758704078420 1275.558968 85
1758704089173 1275.566624 86
1758704099958 1275.5741480000002 87
1758704110851 1275.58169 88
1758704121562 1275.589214 89
1758704132096 1275.59678 90
1758704142612 1275.6042380000001 91
1758704153200 1275.61172 92
1758704163766 1275.619022 93
1758704174426 1275.626522 94
1758704185382 1275.63398 95
1758704196226 1275.641546 96
1758704206951 1275.6491780000001 97
1758704218076 1275.6567440000001 98
1758704228954 1275.664376 99
1758704239672 1275.671942 100
1758704250222 1275.679508 101
1758704260764 1275.686942 102
1758704271271 1275.694268 103
1758704281889 1275.7016780000001 104
1758704292665 1275.70907 105
1758704303307 1275.71657 106
1758704314001 1275.7240940000002 107
1758704324655 1275.731552 108
1758704335387 1275.739118 109
1758704346102 1275.748499 110
1758704356652 1275.7616 111
1758704367179 1275.7690340000001 112
1758704377750 1275.776444 113
1758704388332 1275.783836 114
1758704398990 1275.791204 115
1758704409649 1275.798794 116
1758704420475 1275.8062280000001 117
1758704431374 1275.813752 118
1758704442292 1275.8211860000001 119
1758704453124 1275.828818 120
1758704463804 1275.836384 121
1758704474514 1275.843866 122
1758704485191 1275.85154 123
1758704495846 1275.8588 124
1758704506455 1275.866168 125
1758704517010 1275.87356 126
1758704527709 1275.880928 127
1758704539134 1275.899271 128
1758704551569 1275.9065970000001 129
1758704564361 1275.921201 130
1758704576677 1275.928461 131
1758704588569 1275.935829 132
1758704600625 1275.943131 133
1758704612633 1275.950433 134
1758704624549 1275.957801 135
1758704636698 1275.965211 136
1758704648777 1275.979881 137
1758704660842 1275.9872070000001 138
1758704672717 1275.994551 139
1758704683422 1276.001811 140
1758704694121 1276.009245 141
1758704704883 1276.016769 142
1758704715664 1276.0244010000001 143
1758704726526 1276.032033 144
1758704737130 1276.039515 145
1758704747777 1276.047015 146
1758704758421 1276.054515 147
1758704769072 1276.062057 148
1758704779739 1276.069671 149
1758704790369 1276.077015 150
1758704801115 1276.084449 151
1758704811827 1276.091949 152
1758704822597 1276.099449 153
1758704833448 1276.106907 154
1758704844194 1276.121733 155
1758704854871 1276.129479 156
1758704865410 1276.137045 157
1758704876086 1276.1444370000002 158
1758704886697 1276.1520030000001 159
1758704897521 1276.159263 160
1758704908294 1276.166565 161
1758704918999 1276.173909 162
1758704929717 1276.181409 163
1758704940471 1276.188867 164
1758704951157 1276.1963250000001 165
1758704961765 1276.203891 166
1758704972318 1276.2113490000002 167
1758704982931 1276.2189150000002 168
1758704993501 1276.226439 169
1758705004308 1276.234005 170
1758705015006 1276.241463 171
1758705025916 1276.2487230000002 172
1758705036653 1276.2560250000001 173
1758705047338 1276.263525 174
1758705057993 1276.2711570000001 175
1758705068841 1276.2787230000001 176
1758705079472 1276.286223 177
1758705090172 1276.293747 178
1758705101047 1276.301205 179
1758705111780 1276.3161870000001 180
1758705122537 1276.323687 181
1758705133380 1276.331187 182
1758705144015 1276.3385130000001 183
1758705154642 1276.345881 184
1758705165270 1276.3532910000001 185
1758705175980 1276.360617 186
1758705187220 1276.367985 187
1758705199872 1276.386185 188
1758705212014 1276.393553 189
1758705226456 1276.400813 190
1758705239903 1276.415501 191
1758705253072 1276.422785 192
1758705265775 1276.430087 193
1758705278376 1276.437521 194
1758705291191 1276.4522570000001 195
1758705303523 1276.459625 196
1758705316539 1276.466969 197
1758705329145 1276.474337 198
1758705340797 1276.4817050000001 199
1758705351425 1276.489139 200
1758705362095 1276.496465 201
1758705372844 1276.503899 202
1758705383544 1276.511465 203
1758705394289 1276.519055 204
1758705404973 1276.526513 205
1758705415639 1276.535778 206
1758705426324 1276.549061 207
1758705437127 1276.556807 208
1758705447722 1276.564241 209
1758705458361 1276.5715910000001 210
1758705468996 1276.578959 211
1758705479640 1276.586285 212
1758705490316 1276.593851 213
1758705501011 1276.6013090000001 214
1758705511755 1276.608941 215
1758705522862 1276.6164410000001 216
1758705533585 1276.623857 217
1758705544308 1276.631249 218
1758705555169 1276.638749 219
1758705565939 1276.6462490000001 220
1758705576974 1276.653509 221
1758705587593 1276.660811 222
1758705598193 1276.668287 223
1758705608786 1276.6757870000001 224
1758705619446 1276.683287 225
1758705630105 1276.690811 226
1758705640795 1276.698419 227
1758705651597 1276.705943 228
1758705662487 1276.7134250000001 229
1758705673198 1276.727762 230
1758705683910 1276.735817 231
1758705694618 1276.743119 232
1758705705258 1276.750487 233
1758705715865 1276.757657 234
1758705726650 1276.765091 235
1758705737304 1276.772723 236
1758705747962 1276.780355 237
1758705758667 1276.787879 238
1758705769416 1276.795487 239
1758705780152 1276.8031190000002 240
1758705791140 1276.810577 241
1758705801817 1276.8181670000001 242
1758705812569 1276.825559 243
1758705823264 1276.8329270000002 244
1758705834067 1276.8401450000001 245
1758705844730 1276.847669 246
