1758703135320 34762.9 0
1758703146050 36098.5 1
1758703156818 36168.5 2
1758703168182 35198.3 3
1758703179886 35299.3 4
1758703191674 35310.1 5
1758703202982 35326.0 6
1758703214367 35373.6 7
1758703225654 35523.8 8
1758703236520 36271.9 9
1758703247322 36348.3 10
1758703258493 36383.7 11
1758703269665 36371.9 12
1758703281048 36332.0 13
1758703292582 36360.2 14
1758703303866 36387.7 15
1758703315608 36419.5 16
1758703326703 36444.0 17
1758703338280 36454.7 18
1758703349413 36491.1 19
1758703360312 36508.1 20
1758703371321 36558.1 21
1758703382479 36578.2 22
1758703393414 36539.9 23
1758703404940 36530.7 24
1758703415713 37146.5 25
1758703426396 37232.7 26
1758703437100 37524.9 27
1758703447863 37475.0 28
1758703458412 37490.1 29
1758703468977 37527.9 30
1758703479735 37553.8 31
1758703490245 38058.6 32
1758703500989 37821.3 33
1758703511786 38019.4 34
1758703522537 38052.3 35
1758703533465 37235.1 36
1758703544423 37445.2 37
1758703555306 37488.6 38
1758703565864 37463.6 39
1758703576491 37502.5 40
1758703587033 37556.8 41
1758703597621 37526.4 42
1758703608223 37576.3 43
1758703618941 37317.9 44
1758703629654 37477.1 45
1758703640685 37510.5 46
1758703651421 37334.1 47
1758703662213 37456.1 48
1758703672982 37505.6 49
1758703683603 37453.0 50
1758703694257 37514.9 51
1758703704837 37477.8 52
1758703715458 37513.2 53
1758703726106 37567.3 54
1758703737003 37419.2 55
1758703748097 37461.7 56
1758703759106 37492.1 57
1758703769982 37133.4 58
1758703780829 37209.5 59
1758703791468 37244.7 60
1758703802035 37232.3 61
1758703812579 37268.1 62
1758703823225 37308.0 63
1758703833839 37292.3 64
1758703844586 37253.8 65
1758703855352 37250.9 66
1758703866157 37310.4 67
1758703876950 38793.4 68
1758703887640 40186.8 69
1758703898348 40244.1 70
1758703909593 41369.5 71
1758703921729 40253.3 72
1758703933735 40355.0 73
1758703945879 40347.3 74
1758703958594 40866.0 75
1758703971417 40872.4 76
1758703984049 40853.4 77
1758703997079 40871.4 78
1758704009891 40902.9 79
1758704022275 40918.0 80
1758704034330 41208.8 81
1758704045805 41212.9 82
1758704056539 41810.1 83
1758704067453 41899.6 84
1758704078420 41857.6 85
1758704089173 41875.2 86
1758704099958 41935.6 87
1758704110851 41983.2 88
1758704121562 41882.6 89
1758704132096 41850.4 90
1758704142612 41954.7 91
1758704153200 41872.1 92
1758704163766 41904.3 93
1758704174426 41941.5 94
1758704185382 41998.2 95
1758704196226 42037.5 96
1758704206951 42054.2 97
1758704218076 42048.6 98
1758704228954 42048.3 99
1758704239672 42134.7 100
1758704250222 42128.4 101
1758704260764 41916.1 102
1758704271271 41893.6 103
1758704281889 41458.0 104
1758704292665 41745.5 105
1758704303307 41906.6 106
1758704314001 41959.9 107
1758704324655 41968.0 108
1758704335387 41986.5 109
1758704346102 42008.1 110
1758704356652 42121.9 111
1758704367179 42036.0 112
1758704377750 42164.0 113
1758704388332 42164.7 114
1758704398990 41715.7 115
1758704409649 41865.2 116
1758704420475 41984.9 117
1758704431374 41982.3 118
1758704442292 41499.9 119
1758704453124 41501.5 120
1758704463804 41543.0 121
1758704474514 41648.1 122
1758704485191 41594.3 123
1758704495846 41716.9 124
1758704506455 41811.4 125
1758704517010 44117.4 126
1758704527709 44192.0 127
1758704539134 45900.8 128
1758704551569 45401.7 129
1758704564361 45425.4 130
1758704576677 45438.4 131
1758704588569 46248.1 132
1758704600625 46401.9 133
1758704612633 46417.3 134
1758704624549 46432.5 135
1758704636698 46499.6 136
1758704648777 46522.1 137
1758704660842 46563.4 138
1758704672717 46619.6 139
1758704683422 46834.1 140
1758704694121 47543.2 141
1758704704883 47694.1 142
1758704715664 47759.6 143
1758704726526 47778.5 144
1758704737130 47934.7 145
1758704747777 47941.8 146
1758704758421 47953.3 147
1758704769072 47223.2 148
1758704779739 47719.9 149
1758704790369 47882.6 150
1758704801115 47423.5 151
1758704811827 48042.9 152
1758704822597 48144.8 153
1758704833448 48205.3 154
1758704844194 48248.2 155
1758704854871 48276.7 156
1758704865410 48316.7 157
1758704876086 48342.7 158
1758704886697 47408.4 159
1758704897521 47963.3 160
1758704908294 48214.2 161
1758704918999 47162.9 162
1758704929717 47741.6 163
1758704940471 48065.3 164
1758704951157 48084.1 165
1758704961765 48120.0 166
1758704972318 48158.1 167
1758704982931 48273.6 168
1758704993501 48270.8 169
1758705004308 48225.9 170
1758705015006 47922.0 171
1758705025916 48283.1 172
1758705036653 47182.1 173
1758705047338 47873.3 174
1758705057993 48146.5 175
1758705068841 48264.5 176
1758705079472 48222.4 177
1758705090172 48242.8 178
1758705101047 48121.7 179
1758705111780 48147.0 180
1758705122537 48137.7 181
1758705133380 47594.4 182
1758705144015 48102.7 183
1758705154642 48140.4 184
1758705165270 48697.4 185
1758705175980 48766.1 186
1758705187220 49758.8 187
1758705199872 50108.9 188
1758705212014 50075.8 189
1758705226456 50072.5 190
1758705239903 50641.7 191
1758705253072 51126.1 192
1758705265775 51179.4 193
1758705278376 51096.1 194
1758705291191 51201.8 195
1758705303523 51171.6 196
1758705316539 51241.6 197
1758705329145 51310.3 198
1758705340797 51308.6 199
1758705351425 51672.6 200
1758705362095 52465.4 201
1758705372844 52946.5 202
1758705383544 53170.0 203
1758705394289 53190.8 204
1758705404973 53208.0 205
1758705415639 53238.5 206
1758705426324 53147.2 207
1758705437127 53141.5 208
1758705447722 52286.7 209
1758705458361 53022.8 210
1758705468996 53367.6 211
1758705479640 52427.6 212
1758705490316 53041.2 213
1758705501011 53406.3 214
1758705511755 53429.3 215
1758705522862 53580.9 216
1758705533585 53623.3 217
1758705544308 53625.0 218
1758705555169 53703.2 219
1758705565939 52625.4 220
1758705576974 53166.6 221
1758705587593 53656.0 222
1758705598193 52602.1 223
1758705608786 53155.0 224
1758705619446 53517.0 225
1758705630105 53596.1 226
1758705640795 53518.8 227
1758705651597 53494.7 228
1758705662487 53526.7 229
1758705673198 53559.7 230
1758705683910 52291.1 231
1758705694618 52862.5 232
1758705705258 53298.7 233
1758705715865 51874.0 234
1758705726650 52587.3 235
1758705737304 53162.0 236
1758705747962 53394.0 237
1758705758667 53449.5 238
1758705769416 53460.8 239
1758705780152 53484.5 240
1758705791140 53596.2 241
1758705801817 52148.1 242
1758705812569 52902.1 243
1758705823264 53316.7 244
1758705834067 53710.4 245
1758705844730 52999.4 246
