1758703135320 1218315.1 0
1758703146050 1218315.1 1
1758703156818 1221032.8 2
1758703168182 1221032.8 3
1758703179886 1221032.8 4
1758703191674 1221025.0 5
1758703202982 1221025.0 6
1758703214367 1221025.0 7
1758703225654 1221025.0 8
1758703236520 1221025.0 9
1758703247322 1221025.0 10
1758703258493 1221025.0 11
1758703269665 1221025.0 12
1758703281048 1221025.0 13
1758703292582 1221025.0 14
1758703303866 1221025.0 15
1758703315608 1221025.0 16
1758703326703 1221025.0 17
1758703338280 1221025.0 18
1758703349413 1221025.0 19
1758703360312 1221025.0 20
1758703371321 1221025.0 21
1758703382479 1221025.0 22
1758703393414 1221025.0 23
1758703404940 1221025.0 24
1758703415713 1221025.0 25
1758703426396 1221025.0 26
1758703437100 1221025.0 27
1758703447863 1221025.0 28
1758703458412 1220968.7 29
1758703468977 1220968.7 30
1758703479735 1220968.7 31
1758703490245 1220968.7 32
1758703500989 1220968.7 33
1758703511786 1220968.7 34
1758703522537 1220968.7 35
1758703533465 1220968.7 36
1758703544423 1220968.7 37
1758703555306 1220968.7 38
1758703565864 1220968.7 39
1758703576491 1220968.7 40
1758703587033 1220968.7 41
1758703597621 1220968.7 42
1758703608223 1220968.7 43
1758703618941 1220968.7 44
1758703629654 1220968.7 45
1758703640685 1220968.7 46
1758703651421 1220968.7 47
1758703662213 1220968.7 48
1758703672982 1220968.7 49
1758703683603 1220968.7 50
1758703694257 1220968.7 51
1758703704837 1220968.7 52
1758703715458 1220968.7 53
1758703726106 1220968.7 54
1758703737003 1220968.7 55
1758703748097 1220968.7 56
1758703759106 1220968.7 57
1758703769982 1220968.7 58
1758703780829 1220968.7 59
1758703791468 1220968.7 60
1758703802035 1220968.7 61
1758703812579 1220968.7 62
1758703823225 1220968.7 63
1758703833839 1220968.7 64
1758703844586 1220968.7 65
1758703855352 1220968.7 66
1758703866157 1220968.7 67
1758703876950 1220968.7 68
1758703887640 1220968.7 69
1758703898348 1220968.7 70
1758703909593 1220968.7 71
1758703921729 1220968.7 72
1758703933735 1220968.7 73
1758703945879 1220968.7 74
1758703958594 1220968.7 75
1758703971417 1220968.7 76
1758703984049 1220968.7 77
1758703997079 1220968.7 78
1758704009891 1220968.7 79
1758704022275 1220968.7 80
1758704034330 1220968.7 81
1758704045805 1220968.7 82
1758704056539 1220968.7 83
1758704067453 1220968.7 84
1758704078420 1220968.7 85
1758704089173 1220968.7 86
1758704099958 1220968.7 87
1758704110851 1220968.7 88
1758704121562 1220968.7 89
1758704132096 1220968.7 90
1758704142612 1220968.7 91
1758704153200 1220968.7 92
1758704163766 1220968.7 93
1758704174426 1220968.7 94
1758704185382 1220968.7 95
1758704196226 1220968.7 96
1758704206951 1220968.7 97
1758704218076 1220968.7 98
1758704228954 1220968.7 99
1758704239672 1220968.7 100
1758704250222 1220968.7 101
1758704260764 1220968.7 102
1758704271271 1220968.7 103
1758704281889 1220968.7 104
1758704292665 1220968.7 105
1758704303307 1220968.7 106
1758704314001 1220968.7 107
1758704324655 1220968.7 108
1758704335387 1220968.7 109
1758704346102 1220968.7 110
1758704356652 1220968.7 111
1758704367179 1220968.7 112
1758704377750 1220968.7 113
1758704388332 1220968.7 114
1758704398990 1220968.7 115
1758704409649 1220968.7 116
1758704420475 1220968.7 117
1758704431374 1220968.7 118
1758704442292 1220968.7 119
1758704453124 1220968.7 120
1758704463804 1220968.7 121
1758704474514 1220968.7 122
1758704485191 1220968.7 123
1758704495846 1220968.7 124
1758704506455 1220968.7 125
1758704517010 1220968.7 126
1758704527709 1220968.7 127
1758704539134 1220968.7 128
1758704551569 1220968.7 129
1758704564361 1220968.7 130
1758704576677 1220968.7 131
1758704588569 1220968.7 132
1758704600625 1220968.7 133
1758704612633 1220968.7 134
1758704624549 1220968.7 135
1758704636698 1220968.7 136
1758704648777 1220968.7 137
1758704660842 1220968.7 138
1758704672717 1220968.7 139
1758704683422 1220968.7 140
1758704694121 1220968.7 141
1758704704883 1220968.7 142
1758704715664 1220968.7 143
1758704726526 1220968.7 144
1758704737130 1220968.7 145
1758704747777 1220968.7 146
1758704758421 1220968.7 147
1758704769072 1220968.7 148
1758704779739 1220968.7 149
1758704790369 1220968.7 150
1758704801115 1220968.7 151
1758704811827 1220968.7 152
1758704822597 1220968.7 153
1758704833448 1220968.7 154
1758704844194 1220968.7 155
1758704854871 1220968.7 156
1758704865410 1220968.7 157
1758704876086 1220968.7 158
1758704886697 1220968.7 159
1758704897521 1220968.7 160
1758704908294 1220968.7 161
1758704918999 1220968.7 162
1758704929717 1220968.7 163
1758704940471 1220968.7 164
1758704951157 1220968.7 165
1758704961765 1220968.7 166
1758704972318 1220968.7 167
1758704982931 1220968.7 168
1758704993501 1220968.7 169
1758705004308 1220968.7 170
1758705015006 1220968.7 171
1758705025916 1220968.7 172
1758705036653 1220968.7 173
1758705047338 1220968.7 174
1758705057993 1220968.7 175
1758705068841 1220968.7 176
1758705079472 1220968.7 177
1758705090172 1220968.7 178
1758705101047 1220968.7 179
1758705111780 1220968.7 180
1758705122537 1220968.7 181
1758705133380 1220968.7 182
1758705144015 1220968.7 183
1758705154642 1220968.7 184
1758705165270 1220968.7 185
1758705175980 1220968.7 186
1758705187220 1220968.7 187
1758705199872 1220968.7 188
1758705212014 1220968.7 189
1758705226456 1220968.7 190
1758705239903 1220968.7 191
1758705253072 1220968.7 192
1758705265775 1220968.7 193
1758705278376 1220968.7 194
1758705291191 1220968.7 195
1758705303523 1220968.7 196
1758705316539 1220968.7 197
1758705329145 1220968.7 198
1758705340797 1220968.7 199
1758705351425 1220968.7 200
1758705362095 1220968.7 201
1758705372844 1220968.7 202
1758705383544 1220968.7 203
1758705394289 1220968.7 204
1758705404973 1220968.7 205
1758705415639 1220968.7 206
1758705426324 1220968.7 207
1758705437127 1220968.7 208
1758705447722 1220968.7 209
1758705458361 1220968.7 210
1758705468996 1220968.7 211
1758705479640 1220968.7 212
1758705490316 1220968.7 213
1758705501011 1220968.7 214
1758705511755 1220968.7 215
1758705522862 1220968.7 216
1758705533585 1220968.7 217
1758705544308 1220968.7 218
1758705555169 1220968.7 219
1758705565939 1220968.7 220
1758705576974 1220968.7 221
1758705587593 1220968.7 222
1758705598193 1220968.7 223
1758705608786 1220968.7 224
1758705619446 1220968.7 225
1758705630105 1220968.7 226
1758705640795 1220968.7 227
1758705651597 1220968.7 228
1758705662487 1220968.7 229
1758705673198 1220968.7 230
1758705683910 1220968.7 231
1758705694618 1220968.7 232
1758705705258 1220968.7 233
1758705715865 1220968.7 234
1758705726650 1220968.7 235
1758705737304 1220968.7 236
1758705747962 1220968.7 237
1758705758667 1220968.7 238
1758705769416 1220968.7 239
1758705780152 1220968.7 240
1758705791140 1220968.7 241
1758705801817 1220968.7 242
1758705812569 1220968.7 243
1758705823264 1220968.7 244
1758705834067 1220968.7 245
1758705844730 1220968.7 246
