1758703135320 0.0 0
1758703146050 0.010911 1
1758703156818 11.148264999999999 2
1758703168182 11.154122 3
1758703179886 11.160917 4
1758703191674 11.166939 5
1758703202982 11.172077 6
1758703214367 11.177506 7
1758703225654 11.183662 8
1758703236520 11.189858999999998 9
1758703247322 11.199974 10
1758703258493 11.20535 11
1758703269665 11.214644999999999 12
1758703281048 11.219743999999999 13
1758703292582 11.224843 14
1758703303866 11.229875999999999 15
1758703315608 11.234974 16
1758703326703 11.240139999999998 17
1758703338280 11.244663999999998 18
1758703349413 11.249189 19
1758703360312 11.254352999999998 20
1758703371321 11.259385 21
1758703382479 11.264482999999998 22
1758703393414 11.269580999999999 23
1758703404940 11.279070999999998 24
1758703415713 11.285957 25
1758703426396 11.300635999999999 26
1758703437100 11.314542999999999 27
1758703447863 11.328515999999999 28
1758703458412 11.341206999999999 29
1758703468977 11.354538 30
1758703479735 11.367802 31
1758703490245 11.381317999999998 32
1758703500989 11.394646999999999 33
1758703511786 11.400958999999999 34
1758703522537 11.405990999999998 35
1758703533465 11.411088999999999 36
1758703544423 11.422699 37
1758703555306 11.435965 38
1758703565864 11.449231 39
1758703576491 11.462561999999998 40
1758703587033 11.475893 41
1758703597621 11.490568999999999 42
1758703608223 11.503964999999999 43
1758703618941 11.518576999999999 44
1758703629654 11.528329999999999 45
1758703640685 11.533427999999999 46
1758703651421 11.538526 47
1758703662213 11.549496 48
1758703672982 11.563469 49
1758703683603 11.579801 50
1758703694257 11.604614999999999 51
1758703704837 11.618011999999998 52
1758703715458 11.632624999999999 53
1758703726106 11.646465 54
1758703737003 11.655712 55
1758703748097 11.66081 56
1758703759106 11.665908 57
1758703769982 11.676371 58
1758703780829 11.689703 59
1758703791468 11.704249999999998 60
1758703802035 11.717516 61
1758703812579 11.731421999999998 62
1758703823225 11.744687999999998 63
1758703833839 11.758529 64
1758703844586 11.772369 65
1758703855352 11.782831 66
1758703866157 11.787863 67
1758703876950 11.793092999999999 68
1758703887640 11.799404999999998 69
1758703898348 11.805554999999998 70
1758703909593 11.813483999999999 71
1758703921729 11.828396 72
1758703933735 11.833497 73
1758703945879 11.838023 74
1758703958594 11.842547999999999 75
1758703971417 11.847582999999998 76
1758703984049 11.851533 77
1758703997079 11.860451999999999 78
1758704009891 11.864977999999999 79
1758704022275 11.870078999999999 80
1758704034330 11.874604999999999 81
1758704045805 11.878488999999998 82
1758704056539 11.883014999999999 83
1758704067453 11.892838 84
1758704078420 11.917634 85
1758704089173 11.931555999999999 86
1758704099958 11.945528999999999 87
1758704110851 11.95885 88
1758704121562 11.972757 89
1758704132096 11.986664 90
1758704142612 11.998206 91
1758704153200 12.003435999999999 92
1758704163766 12.008534 93
1758704174426 12.017781 94
1758704185382 12.030603999999999 95
1758704196226 12.045217 96
1758704206951 12.058615 97
1758704218076 12.072522 98
1758704228954 12.086495 99
1758704239672 12.100401999999999 100
1758704250222 12.113733 101
1758704260764 12.125848 102
1758704271271 12.130946 103
1758704281889 12.136043999999998 104
1758704292665 12.145290999999999 105
1758704303307 12.158048999999998 106
1758704314001 12.171956 107
1758704324655 12.185796999999999 108
1758704335387 12.199703999999999 109
1758704346102 12.216035999999999 110
1758704356652 12.241292999999999 111
1758704367179 12.252768 112
1758704377750 12.257866 113
1758704388332 12.262963999999998 114
1758704398990 12.272144999999998 115
1758704409649 12.285542999999999 116
1758704420475 12.298234999999998 117
1758704431374 12.312142 118
1758704442292 12.324834999999998 119
1758704453124 12.338807999999998 120
1758704463804 12.352715 121
1758704474514 12.365979 122
1758704485191 12.379375 123
1758704495846 12.385620999999999 124
1758704506455 12.390718999999999 125
1758704517010 12.395883 126
1758704527709 12.403122999999999 127
1758704539134 12.414221 128
1758704551569 12.420983999999999 129
1758704564361 12.430477999999999 130
1758704576677 12.435004 131
1758704588569 12.440104 132
1758704600625 12.444564 133
1758704612633 12.44909 134
1758704624549 12.453615999999998 135
1758704636698 12.458716999999998 136
1758704648777 12.466550999999999 137
1758704660842 12.471651999999999 138
1758704672717 12.476111999999999 139
1758704683422 12.481147 140
1758704694121 12.490967999999999 141
1758704704883 12.504301 142
1758704715664 12.517698999999999 143
1758704726526 12.531671999999999 144
1758704737130 12.545578999999998 145
1758704747777 12.558337 146
1758704758421 12.572883999999998 147
1758704769072 12.586725 148
1758704779739 12.597252999999998 149
1758704790369 12.602284999999998 150
1758704801115 12.606874999999999 151
1758704811827 12.61727 152
1758704822597 12.630028 153
1758704833448 12.643294 154
1758704844194 12.669879 155
1758704854871 12.68329 156
1758704865410 12.697197 157
1758704876086 12.709888999999999 158
1758704886697 12.723794 159
1758704897521 12.728826 160
1758704908294 12.733858 161
1758704918999 12.740677 162
1758704929717 12.752861 163
1758704940471 12.765619 164
1758704951157 12.779459999999998 165
1758704961765 12.792791999999999 166
1758704972318 12.805549999999998 167
1758704982931 12.818881999999999 168
1758704993501 12.832789 169
1758705004308 12.846120999999998 170
1758705015006 12.856516999999998 171
1758705025916 12.861548999999998 172
1758705036653 12.866580999999998 173
1758705047338 12.874745999999998 174
1758705057993 12.888179999999998 175
1758705068841 12.901003999999999 176
1758705079472 12.913827999999999 177
1758705090172 12.927734999999998 178
1758705101047 12.940999999999999 179
1758705111780 12.967089999999999 180
1758705122537 12.979781999999998 181
1758705133380 12.988389999999999 182
1758705144015 12.993488 183
1758705154642 12.998586 184
1758705165270 13.004897999999999 185
1758705175980 13.012084 186
1758705187220 13.019722999999999 187
1758705199872 13.029361999999999 188
1758705212014 13.034529 189
1758705226456 13.039563999999999 190
1758705239903 13.047972999999999 191
1758705253072 13.052499 192
1758705265775 13.057533999999999 193
1758705278376 13.062700999999999 194
1758705291191 13.071819 195
1758705303523 13.076345 196
1758705316539 13.08138 197
1758705329145 13.086537 198
1758705340797 13.091638 199
1758705351425 13.096870999999998 200
1758705362095 13.103181999999999 201
1758705372844 13.115874 202
1758705383544 13.129206 203
1758705394289 13.142603999999999 204
1758705404973 13.155869999999998 205
1758705415639 13.169441999999998 206
1758705426324 13.19421 207
1758705437127 13.207806 208
1758705447722 13.216987999999999 209
1758705458361 13.222164 210
1758705468996 13.227262 211
1758705479640 13.237017 212
1758705490316 13.250924 213
1758705501011 13.26419 214
1758705511755 13.278163 215
1758705522862 13.292003999999999 216
1758705533585 13.304761999999998 217
1758705544308 13.318028 218
1758705555169 13.331294 219
1758705565939 13.344052 220
1758705576974 13.349658999999999 221
1758705587593 13.354690999999999 222
1758705598193 13.35864 223
1758705608786 13.370757 224
1758705619446 13.384597999999999 225
1758705630105 13.397862 226
1758705640795 13.412474 227
1758705651597 13.425806 228
1758705662487 13.439713 229
1758705673198 13.464376999999999 230
1758705683910 13.476132999999999 231
1758705694618 13.481164999999999 232
1758705705258 13.486329 233
1758705715865 13.492495 234
1758705726650 13.505185999999998 235
1758705737304 13.518009999999999 236
1758705747962 13.531979999999999 237
1758705758667 13.545952 238
1758705769416 13.560564999999999 239
1758705780152 13.574537999999999 240
1758705791140 13.587361999999999 241
1758705801817 13.60076 242
1758705812569 13.609368 243
1758705823264 13.614465999999998 244
1758705834067 13.618924 245
1758705844730 13.625381999999998 246
