1758703915259 1977468.8 0
1758703928976 1977468.8 1
1758703939408 1977468.8 2
1758703954669 1977468.8 3
1758703966957 1977468.8 4
1758703982477 1977468.8 5
1758703994827 1977468.8 6
1758704010128 1977468.8 7
1758704022092 1977468.8 8
1758704033825 1977468.8 9
1758704047680 1977468.8 10
1758704058571 1977468.8 11
1758704069433 1977468.8 12
1758704082401 1977468.8 13
1758704093677 1977468.8 14
1758704104960 1977468.8 15
1758704115979 1977468.8 16
1758704126836 1977468.8 17
1758704137724 1977468.8 18
1758704148479 1977468.8 19
1758704159556 1977468.8 20
1758704170963 1977468.8 21
1758704182174 1977468.8 22
1758704193558 1977468.8 23
1758704205217 1977468.8 24
1758704216978 1977468.8 25
1758704228799 1977468.8 26
1758704240212 1977468.8 27
1758704251185 1977468.8 28
1758704262112 1977468.8 29
1758704273056 1977468.8 30
1758704284248 1977468.8 31
1758704295658 1977468.8 32
1758704307039 1977468.8 33
1758704318875 1977468.8 34
1758704330335 1977468.8 35
1758704341424 1977468.8 36
1758704352332 1977468.8 37
1758704363335 1977468.8 38
1758704374271 1977468.8 39
1758704385300 1977468.8 40
1758704396445 1977468.8 41
1758704407792 1977468.8 42
1758704419120 1977468.8 43
1758704430499 1977468.8 44
1758704441734 1977468.8 45
1758704453279 1977468.8 46
1758704464679 1977468.8 47
1758704475713 1977468.8 48
1758704486688 1977468.8 49
1758704497687 1977468.8 50
