1758703915259 1220968.7 0
1758703928976 1220968.7 1
1758703939408 1220968.7 2
1758703954669 1220968.7 3
1758703966957 1220968.7 4
1758703982477 1220968.7 5
1758703994827 1220968.7 6
1758704010128 1220968.7 7
1758704022092 1220968.7 8
1758704033825 1220968.7 9
1758704047680 1220968.7 10
1758704058571 1220968.7 11
1758704069433 1220968.7 12
1758704082401 1220968.7 13
1758704093677 1220968.7 14
1758704104960 1220968.7 15
1758704115979 1220968.7 16
1758704126836 1220968.7 17
1758704137724 1220968.7 18
1758704148479 1220968.7 19
1758704159556 1220968.7 20
1758704170963 1220968.7 21
1758704182174 1220968.7 22
1758704193558 1220968.7 23
1758704205217 1220968.7 24
1758704216978 1220968.7 25
1758704228799 1220968.7 26
1758704240212 1220968.7 27
1758704251185 1220968.7 28
1758704262112 1220968.7 29
1758704273056 1220968.7 30
1758704284248 1220968.7 31
1758704295658 1220968.7 32
1758704307039 1220968.7 33
1758704318875 1220968.7 34
1758704330335 1220968.7 35
1758704341424 1220968.7 36
1758704352332 1220968.7 37
1758704363335 1220968.7 38
1758704374271 1220968.7 39
1758704385300 1220968.7 40
1758704396445 1220968.7 41
1758704407792 1220968.7 42
1758704419120 1220968.7 43
1758704430499 1220968.7 44
1758704441734 1220968.7 45
1758704453279 1220968.7 46
1758704464679 1220968.7 47
1758704475713 1220968.7 48
1758704486688 1220968.7 49
1758704497687 1220968.7 50
