1758703915259 38.2 0
1758703928976 38.2 1
1758703939408 38.2 2
1758703954669 38.2 3
1758703966957 38.2 4
1758703982477 38.2 5
1758703994827 38.2 6
1758704010128 38.2 7
1758704022092 38.2 8
1758704033825 38.2 9
1758704047680 38.2 10
1758704058571 38.2 11
1758704069433 38.2 12
1758704082401 38.2 13
1758704093677 38.2 14
1758704104960 38.2 15
1758704115979 38.2 16
1758704126836 38.2 17
1758704137724 38.2 18
1758704148479 38.2 19
1758704159556 38.2 20
1758704170963 38.2 21
1758704182174 38.2 22
1758704193558 38.2 23
1758704205217 38.2 24
1758704216978 38.2 25
1758704228799 38.2 26
1758704240212 38.2 27
1758704251185 38.2 28
1758704262112 38.2 29
1758704273056 38.2 30
1758704284248 38.2 31
1758704295658 38.2 32
1758704307039 38.2 33
1758704318875 38.2 34
1758704330335 38.2 35
1758704341424 38.2 36
1758704352332 38.2 37
1758704363335 38.2 38
1758704374271 38.2 39
1758704385300 38.2 40
1758704396445 38.2 41
1758704407792 38.2 42
1758704419120 38.2 43
1758704430499 38.2 44
1758704441734 38.2 45
1758704453279 38.2 46
1758704464679 38.2 47
1758704475713 38.2 48
1758704486688 38.2 49
1758704497687 38.2 50
