1758703915259 0.0 0
1758703928976 0.0056600000000006645 1
1758703939408 0.010761000000000465 2
1758703954669 0.019534000000000162 3
1758703966957 0.024846999999999397 4
1758703982477 0.02879700000000085 5
1758703994827 0.033832000000000306 6
1758704010128 0.04224199999999989 7
1758704022092 0.04734299999999969 8
1758704033825 0.05186899999999994 9
1758704047680 0.06006700000000009 10
1758704058571 0.07010200000000033 11
1758704069433 0.08221999999999952 12
1758704082401 0.09497799999999934 13
1758704093677 0.1088199999999997 14
1758704104960 0.12279299999999971 15
1758704115979 0.13611400000000096 16
1758704126836 0.15002100000000063 17
1758704137724 0.1639280000000003 18
1758704148479 0.17547000000000068 19
1758704159556 0.18069999999999986 20
1758704170963 0.18579800000000013 21
1758704182174 0.20778800000000075 22
1758704193558 0.22248100000000015 23
1758704205217 0.23587900000000062 24
1758704216978 0.24978600000000029 25
1758704228799 0.2637590000000003 26
1758704240212 0.27766599999999997 27
1758704251185 0.29099700000000084 28
1758704262112 0.3031120000000005 29
1758704273056 0.30821000000000076 30
1758704284248 0.31330799999999925 31
1758704295658 0.3353129999999993 32
1758704307039 0.34922000000000075 33
1758704318875 0.3630610000000001 34
1758704330335 0.37696799999999975 35
1758704341424 0.3908749999999994 36
1758704352332 0.4047160000000005 37
1758704363335 0.41855699999999985 38
1758704374271 0.43003200000000064 39
1758704385300 0.4351300000000009 40
1758704396445 0.4402279999999994 41
1758704407792 0.4494089999999993 42
1758704419120 0.47549899999999923 43
1758704430499 0.4894060000000007 44
1758704441734 0.5020989999999994 45
1758704453279 0.5160719999999994 46
1758704464679 0.5299790000000009 47
1758704475713 0.5432430000000004 48
1758704486688 0.5566390000000006 49
1758704497687 0.5628849999999996 50
