1758705195521 3.7 0
1758705209367 2.9 1
1758705221965 3.6 2
1758705235043 3.5 3
1758705248743 3.9 4
1758705262645 3.6 5
1758705276268 3.3 6
1758705289634 3.0 7
1758705303098 4.6 8
1758705316728 3.4 9
1758705330692 4.2 10
1758705343189 3.4 11
1758705353768 4.1 12
1758705365254 3.8 13
1758705376280 3.7 14
1758705387472 4.4 15
1758705398557 3.7 16
1758705410093 2.8 17
1758705421366 3.9 18
1758705432404 4.6 19
1758705443306 3.1 20
1758705454288 4.3 21
1758705465561 3.4 22
1758705476692 3.3 23
1758705487798 5.2 24
1758705498831 3.3 25
1758705509963 3.8 26
1758705521576 4.8 27
1758705533007 2.9 28
1758705544277 3.8 29
1758705555938 4.4 30
1758705568478 3.6 31
1758705579739 4.6 32
1758705591123 2.8 33
1758705602173 3.8 34
1758705613242 4.6 35
1758705624282 3.5 36
1758705635396 3.5 37
1758705646647 4.4 38
1758705657994 3.6 39
1758705669193 3.7 40
1758705680367 3.7 41
1758705691479 3.9 42
1758705702620 3.2 43
1758705713790 3.8 44
1758705724792 3.7 45
1758705735742 3.5 46
1758705749749 4.4 47
1758705761250 4.0 48
1758705772535 4.1 49
1758705783885 3.7 50
1758705795122 3.6 51
1758705806416 4.2 52
1758705817420 3.7 53
1758705828418 2.7 54
