1758705195521 38.2 0
1758705209367 38.2 1
1758705221965 38.2 2
1758705235043 38.2 3
1758705248743 38.2 4
1758705262645 38.2 5
1758705276268 38.2 6
1758705289634 38.2 7
1758705303098 38.2 8
1758705316728 38.2 9
1758705330692 38.2 10
1758705343189 38.2 11
1758705353768 38.2 12
1758705365254 38.2 13
1758705376280 38.2 14
1758705387472 38.2 15
1758705398557 38.2 16
1758705410093 38.2 17
1758705421366 38.2 18
1758705432404 38.2 19
1758705443306 38.2 20
1758705454288 38.2 21
1758705465561 38.2 22
1758705476692 38.2 23
1758705487798 38.2 24
1758705498831 38.2 25
1758705509963 38.2 26
1758705521576 38.2 27
1758705533007 38.2 28
1758705544277 38.2 29
1758705555938 38.2 30
1758705568478 38.2 31
1758705579739 38.2 32
1758705591123 38.2 33
1758705602173 38.2 34
1758705613242 38.2 35
1758705624282 38.2 36
1758705635396 38.2 37
1758705646647 38.2 38
1758705657994 38.2 39
1758705669193 38.2 40
1758705680367 38.2 41
1758705691479 38.2 42
1758705702620 38.2 43
1758705713790 38.2 44
1758705724792 38.2 45
1758705735742 38.2 46
1758705749749 38.2 47
1758705761250 38.2 48
1758705772535 38.2 49
1758705783885 38.2 50
1758705795122 38.2 51
1758705806416 38.2 52
1758705817420 38.2 53
1758705828418 38.2 54
