1758705195521 1220968.7 0
1758705209367 1220968.7 1
1758705221965 1220968.7 2
1758705235043 1220968.7 3
1758705248743 1220968.7 4
1758705262645 1220968.7 5
1758705276268 1220968.7 6
1758705289634 1220968.7 7
1758705303098 1220968.7 8
1758705316728 1220968.7 9
1758705330692 1220968.7 10
1758705343189 1220968.7 11
1758705353768 1220968.7 12
1758705365254 1220968.7 13
1758705376280 1220968.7 14
1758705387472 1220968.7 15
1758705398557 1220968.7 16
1758705410093 1220968.7 17
1758705421366 1220968.7 18
1758705432404 1220968.7 19
1758705443306 1220968.7 20
1758705454288 1220968.7 21
1758705465561 1220968.7 22
1758705476692 1220968.7 23
1758705487798 1220968.7 24
1758705498831 1220968.7 25
1758705509963 1220968.7 26
1758705521576 1220968.7 27
1758705533007 1220968.7 28
1758705544277 1220968.7 29
1758705555938 1220968.7 30
1758705568478 1220968.7 31
1758705579739 1220968.7 32
1758705591123 1220968.7 33
1758705602173 1220968.7 34
1758705613242 1220968.7 35
1758705624282 1220968.7 36
1758705635396 1220968.7 37
1758705646647 1220968.7 38
1758705657994 1220968.7 39
1758705669193 1220968.7 40
1758705680367 1220968.7 41
1758705691479 1220968.7 42
1758705702620 1220968.7 43
1758705713790 1220968.7 44
1758705724792 1220968.7 45
1758705735742 1220968.7 46
1758705749749 1220968.7 47
1758705761250 1220968.7 48
1758705772535 1220968.7 49
1758705783885 1220968.7 50
1758705795122 1220968.7 51
1758705806416 1220968.7 52
1758705817420 1220968.7 53
1758705828418 1220968.7 54
