1758705195521 0.0 0
1758705209367 0.011411999999999978 1
1758705221965 0.016446999999999434 2
1758705235043 0.020906999999999343 3
1758705248743 0.025603999999999516 4
1758705262645 0.034416999999999476 5
1758705276268 0.03958399999999962 6
1758705289634 0.04410999999999987 7
1758705303098 0.05322800000000072 8
1758705316728 0.058263000000000176 9
1758705330692 0.0634200000000007 10
1758705343189 0.0685210000000005 11
1758705353768 0.07375399999999921 12
1758705365254 0.09275700000000064 13
1758705376280 0.10608900000000077 14
1758705387472 0.11948699999999945 15
1758705398557 0.13275299999999923 16
1758705410093 0.1455769999999994 17
1758705421366 0.1577610000000007 18
1758705432404 0.17122499999999974 19
1758705443306 0.18468900000000055 20
1758705454288 0.19387099999999968 21
1758705465561 0.1990470000000002 22
1758705476692 0.20414500000000046 23
1758705487798 0.21390000000000065 24
1758705498831 0.2410730000000001 25
1758705509963 0.2550460000000001 26
1758705521576 0.26888699999999943 27
1758705533007 0.28164499999999926 28
1758705544277 0.2949110000000008 29
1758705555938 0.3081770000000006 30
1758705568478 0.3209350000000004 31
1758705579739 0.3265419999999999 32
1758705591123 0.3339990000000004 33
1758705602173 0.34764000000000017 34
1758705613242 0.3614809999999995 35
1758705624282 0.37474500000000077 36
1758705635396 0.3893570000000004 37
1758705646647 0.4026890000000005 38
1758705657994 0.4165960000000002 39
1758705669193 0.429354 40
1758705680367 0.4414719999999992 41
1758705691479 0.45301599999999986 42
1758705702620 0.4580479999999998 43
1758705713790 0.4632120000000004 44
1758705724792 0.46937800000000074 45
1758705735742 0.49489299999999936 46
1758705749749 0.5088629999999998 47
1758705761250 0.5228350000000006 48
1758705772535 0.5374479999999995 49
1758705783885 0.5514209999999995 50
1758705795122 0.5642449999999997 51
1758705806416 0.5776430000000001 52
1758705817420 0.5862510000000007 53
1758705828418 0.5958070000000006 54
