1758704043149 0.0 0
1758704043627 0.0 1
1758704044156 0.0 2
1758704044511 0.0 3
1758704045533 0.0 4
1758704045894 0.0 5
1758704046873 0.0 6
1758704047359 0.0 7
1758704048187 0.0 8
1758704048535 0.0 9
1758704049572 0.0 10
1758704049978 0.0 11
1758704051849 0.0 12
1758704052220 0.0 13
1758704053202 0.0 14
1758704053571 0.0 15
1758704054513 0.0 16
1758704054933 0.0 17
1758704055880 0.0 18
1758704056243 0.0 19
1758704057291 0.0 20
1758704057904 0.0 21
1758704058669 0.0 22
1758704059182 0.0 23
1758704060042 0.0 24
1758704060545 0.0 25
1758704061577 0.0 26
1758704062067 0.0 27
1758704062970 0.0 28
1758704063427 0.0 29
1758704064312 0.0 30
1758704064826 0.0 31
1758704065754 0.0 32
1758704066213 0.0 33
1758704067206 0.0 34
1758704067689 0.0 35
1758704068649 0.0 36
1758704069180 0.0 37
1758704070057 0.0 38
1758704070630 0.0 39
1758704071477 0.0 40
1758704071851 0.0 41
1758704072856 0.0 42
1758704073268 0.0 43
1758704074292 0.0 44
1758704074791 0.0 45
1758704075791 0.0 46
1758704076253 0.0 47
1758704077222 0.0 48
1758704077611 0.0 49
1758704078581 0.0 50
1758704078965 0.0 51
1758704080021 0.0 52
1758704080492 0.0 53
1758704081393 0.0 54
1758704081944 0.0 55
1758704082801 0.0 56
1758704083226 0.0 57
1758704084187 0.0 58
1758704084692 0.0 59
1758704085558 0.0 60
1758704086048 0.0 61
1758704086889 0.0 62
1758704087397 0.0 63
1758704088262 0.0 64
1758704088794 0.0 65
1758704089761 0.0 66
1758704090311 0.0 67
1758704091170 0.0 68
1758704091546 0.0 69
1758704092711 0.0 70
1758704093229 0.0 71
1758704093911 0.0 72
1758704094446 0.0 73
1758704095453 0.0 74
1758704095933 0.0 75
1758704098157 0.0 76
1758704098533 0.0 77
1758704098979 0.0 78
1758704099337 0.0 79
1758704099832 0.0 80
1758704100269 0.0 81
1758704101211 0.0 82
1758704101664 0.0 83
1758704102614 0.0 84
1758704103113 0.0 85
1758704104045 0.0 86
1758704104513 0.0 87
1758704105444 0.0 88
1758704106160 0.0 89
1758704106848 0.0 90
1758704107359 0.0 91
1758704108265 0.0 92
1758704108762 0.0 93
1758704109587 0.0 94
1758704110068 0.0 95
1758704110910 0.0 96
1758704111422 0.0 97
1758704112368 0.0 98
1758704112735 0.0 99
1758704113798 0.0 100
1758704114299 0.0 101
1758704115204 0.0 102
1758704115781 0.0 103
1758704116699 0.0 104
1758704117198 0.0 105
1758704118109 0.0 106
1758704118597 0.0 107
1758704119486 0.0 108
1758704119961 0.0 109
1758704120966 0.0 110
1758704121327 0.0 111
1758704122184 0.0 112
1758704122659 0.0 113
1758704123539 0.0 114
1758704124032 0.0 115
1758704124969 0.0 116
1758704125463 0.0 117
1758704126372 0.0 118
1758704126727 0.0 119
1758704155135 0.0 119
1758704155728 0.0 119
1758704158437 1.0 120
1758704158787 1.0 121
1758704159707 1.0 122
1758704160145 1.0 123
1758704161085 1.0 124
1758704161586 1.0 125
1758704162621 1.0 126
1758704162982 1.0 127
1758704163999 1.0 128
1758704164487 1.0 129
1758704165356 1.0 130
1758704165730 1.0 131
1758704166742 1.0 132
1758704167092 1.0 133
1758704168207 1.0 134
1758704168634 1.0 135
1758704169584 1.0 136
1758704170079 1.0 137
1758704170988 1.0 138
1758704171469 1.0 139
1758704172352 1.0 140
1758704172869 1.0 141
1758704173742 1.0 142
1758704174276 1.0 143
1758704175143 1.0 144
1758704175594 1.0 145
1758704176551 1.0 146
1758704176999 1.0 147
1758704177876 1.0 148
1758704178255 1.0 149
1758704179203 1.0 150
1758704179591 1.0 151
1758704180499 1.0 152
1758704181017 1.0 153
1758704181867 1.0 154
1758704182221 1.0 155
1758704183226 1.0 156
1758704183694 1.0 157
1758704184621 1.0 158
1758704185107 1.0 159
1758704186151 1.0 160
1758704186639 1.0 161
1758704187396 1.0 162
1758704187919 1.0 163
1758704188857 1.0 164
1758704189280 1.0 165
1758704190323 1.0 166
1758704190858 1.0 167
1758704191793 1.0 168
1758704192279 1.0 169
1758704193106 1.0 170
1758704193484 1.0 171
1758704194472 1.0 172
1758704194960 1.0 173
1758704195814 1.0 174
1758704196300 1.0 175
1758704197167 1.0 176
1758704197701 1.0 177
1758704198635 1.0 178
1758704199012 1.0 179
1758704200104 1.0 180
1758704200476 1.0 181
1758704201527 1.0 182
1758704201911 1.0 183
1758704202874 1.0 184
1758704203255 1.0 185
1758704204236 1.0 186
1758704204626 1.0 187
1758704205604 1.0 188
1758704206334 1.0 189
1758704207043 1.0 190
1758704207751 1.0 191
1758704208295 1.0 192
1758704208764 1.0 193
1758704209848 1.0 194
1758704210239 1.0 195
1758704211305 1.0 196
1758704211695 1.0 197
1758704212532 1.0 198
1758704213030 1.0 199
1758704213894 1.0 200
1758704214299 1.0 201
1758704215250 1.0 202
1758704215683 1.0 203
1758704216586 1.0 204
1758704217059 1.0 205
1758704217976 1.0 206
1758704218381 1.0 207
1758704219381 1.0 208
1758704219811 1.0 209
1758704220790 1.0 210
1758704221192 1.0 211
1758704222168 1.0 212
1758704222608 1.0 213
1758704223647 1.0 214
1758704224091 1.0 215
1758704224974 1.0 216
1758704225428 1.0 217
1758704226439 1.0 218
1758704226859 1.0 219
1758704227949 1.0 220
1758704228351 1.0 221
1758704229440 1.0 222
1758704229791 1.0 223
1758704230795 1.0 224
1758704231260 1.0 225
1758704232168 1.0 226
1758704232518 1.0 227
1758704233540 1.0 228
1758704233901 1.0 229
1758704234887 1.0 230
1758704235260 1.0 231
1758704236343 1.0 232
1758704236725 1.0 233
1758704237550 1.0 234
1758704237908 1.0 235
1758704238948 1.0 236
1758704239402 1.0 237
1758704240374 1.0 238
1758704240758 1.0 239
1758704268875 1.0 239
1758704269509 1.0 239
1758704272150 2.0 240
1758704272636 2.0 241
1758704273355 2.0 242
1758704273840 2.0 243
1758704274731 2.0 244
1758704275094 2.0 245
1758704276111 2.0 246
1758704276598 2.0 247
1758704277469 2.0 248
1758704277940 2.0 249
1758704278859 2.0 250
1758704279341 2.0 251
1758704280236 2.0 252
1758704280724 2.0 253
1758704281600 2.0 254
1758704282008 2.0 255
1758704283134 2.0 256
1758704283642 2.0 257
1758704284487 2.0 258
1758704284965 2.0 259
1758704285789 2.0 260
1758704286253 2.0 261
1758704287134 2.0 262
1758704287643 2.0 263
1758704288501 2.0 264
1758704288877 2.0 265
1758704289904 2.0 266
1758704290371 2.0 267
1758704291422 2.0 268
1758704291886 2.0 269
1758704292639 2.0 270
1758704293019 2.0 271
1758704294054 2.0 272
1758704294529 2.0 273
1758704295412 2.0 274
1758704295853 2.0 275
1758704296779 2.0 276
1758704297256 2.0 277
1758704298133 2.0 278
1758704298622 2.0 279
1758704299469 2.0 280
1758704299929 2.0 281
1758704300756 2.0 282
1758704301263 2.0 283
1758704302117 2.0 284
1758704302625 2.0 285
1758704303553 2.0 286
1758704304007 2.0 287
1758704305038 2.0 288
1758704305437 2.0 289
1758704306264 2.0 290
1758704306648 2.0 291
1758704307598 2.0 292
1758704307986 2.0 293
1758704308958 2.0 294
1758704309325 2.0 295
1758704310351 2.0 296
1758704310771 2.0 297
1758704311756 2.0 298
1758704312245 2.0 299
1758704313112 2.0 300
1758704313655 2.0 301
1758704314559 2.0 302
1758704315085 2.0 303
1758704315978 2.0 304
1758704316449 2.0 305
1758704317308 2.0 306
1758704317689 2.0 307
1758704318630 2.0 308
1758704319024 2.0 309
1758704320068 2.0 310
1758704320502 2.0 311
1758704321494 2.0 312
1758704321917 2.0 313
1758704322837 2.0 314
1758704323246 2.0 315
1758704324194 2.0 316
1758704324652 2.0 317
1758704325553 2.0 318
1758704326076 2.0 319
1758704326899 2.0 320
1758704327330 2.0 321
1758704328393 2.0 322
1758704328765 2.0 323
1758704329610 2.0 324
1758704330110 2.0 325
1758704330979 2.0 326
1758704331433 2.0 327
1758704332419 2.0 328
1758704332809 2.0 329
1758704333610 2.0 330
1758704334118 2.0 331
1758704335012 2.0 332
1758704335502 2.0 333
1758704336371 2.0 334
1758704336756 2.0 335
1758704337711 2.0 336
1758704338077 2.0 337
1758704339151 2.0 338
1758704339514 2.0 339
1758704340341 2.0 340
1758704340697 2.0 341
1758704341672 2.0 342
1758704342060 2.0 343
1758704342959 2.0 344
1758704343319 2.0 345
1758704344501 2.0 346
1758704344872 2.0 347
1758704345688 2.0 348
1758704346172 2.0 349
1758704347038 2.0 350
1758704347497 2.0 351
1758704348388 2.0 352
1758704348856 2.0 353
1758704349703 2.0 354
1758704350200 2.0 355
1758704351086 2.0 356
1758704351432 2.0 357
1758704352365 2.0 358
1758704352739 2.0 359
1758704381644 2.0 359
1758704382453 2.0 359
1758704385099 3.0 360
1758704385578 3.0 361
1758704386524 3.0 362
1758704386911 3.0 363
1758704388111 3.0 364
1758704388486 3.0 365
1758704389316 3.0 366
1758704389700 3.0 367
1758704390795 3.0 368
1758704391313 3.0 369
1758704392172 3.0 370
1758704392683 3.0 371
1758704393600 3.0 372
1758704393969 3.0 373
1758704395160 3.0 374
1758704395622 3.0 375
1758704396635 3.0 376
1758704397084 3.0 377
1758704398174 3.0 378
1758704398547 3.0 379
1758704399323 3.0 380
1758704399691 3.0 381
1758704400765 3.0 382
1758704401175 3.0 383
1758704402405 3.0 384
1758704402800 3.0 385
1758704403843 3.0 386
1758704404215 3.0 387
1758704405071 3.0 388
1758704405460 3.0 389
1758704406457 3.0 390
1758704406941 3.0 391
1758704407873 3.0 392
1758704408306 3.0 393
1758704409254 3.0 394
1758704409720 3.0 395
1758704410732 3.0 396
1758704411250 3.0 397
1758704412173 3.0 398
1758704412554 3.0 399
1758704413629 3.0 400
1758704414071 3.0 401
1758704415136 3.0 402
1758704415624 3.0 403
1758704416544 3.0 404
1758704416948 3.0 405
1758704417876 3.0 406
1758704418261 3.0 407
1758704419293 3.0 408
1758704419722 3.0 409
1758704420773 3.0 410
1758704421194 3.0 411
1758704422262 3.0 412
1758704422783 3.0 413
1758704423796 3.0 414
1758704425083 3.0 415
1758704425641 3.0 416
1758704426044 3.0 417
1758704426763 3.0 418
1758704427190 3.0 419
1758704428210 3.0 420
1758704428753 3.0 421
1758704429652 3.0 422
1758704430140 3.0 423
1758704431079 3.0 424
1758704431606 3.0 425
1758704432545 3.0 426
1758704432953 3.0 427
1758704434117 3.0 428
1758704434577 3.0 429
1758704435547 3.0 430
1758704436063 3.0 431
1758704437016 3.0 432
1758704437531 3.0 433
1758704438482 3.0 434
1758704439017 3.0 435
1758704439974 3.0 436
1758704440489 3.0 437
1758704441340 3.0 438
1758704441719 3.0 439
1758704442697 3.0 440
1758704443179 3.0 441
1758704444044 3.0 442
1758704444530 3.0 443
1758704445490 3.0 444
1758704445878 3.0 445
1758704446745 3.0 446
1758704447185 3.0 447
1758704448122 3.0 448
1758704448669 3.0 449
1758704449499 3.0 450
1758704449893 3.0 451
1758704450881 3.0 452
1758704451337 3.0 453
1758704452251 3.0 454
1758704452765 3.0 455
1758704453637 3.0 456
1758704454012 3.0 457
1758704455053 3.0 458
1758704455544 3.0 459
1758704456491 3.0 460
1758704456966 3.0 461
1758704457872 3.0 462
1758704458237 3.0 463
1758704459347 3.0 464
1758704459704 3.0 465
1758704460769 3.0 466
1758704461161 3.0 467
1758704462225 3.0 468
1758704462592 3.0 469
1758704463627 3.0 470
1758704464098 3.0 471
1758704465151 3.0 472
1758704465497 3.0 473
1758704466416 3.0 474
1758704466784 3.0 475
1758704467838 3.0 476
1758704468352 3.0 477
1758704469334 3.0 478
1758704469708 3.0 479
1758704499487 3.0 479
1758704500191 3.0 479
