1758704544295 3.4 0
1758704559034 3.6 1
1758704569717 4.0 2
1758704585053 3.6 3
1758704596821 4.6 4
1758704608261 3.3 5
1758704623207 4.7 6
1758704634907 3.0 7
1758704649025 3.7 8
1758704660705 3.9 9
1758704673983 3.5 10
1758704684674 5.0 11
1758704696876 3.5 12
1758704708374 3.9 13
1758704719675 3.8 14
1758704730759 3.8 15
1758704741714 5.0 16
1758704752672 3.0 17
1758704763643 3.8 18
1758704774581 4.6 19
1758704785606 3.0 20
1758704797315 3.4 21
1758704808661 3.4 22
1758704819886 5.0 23
1758704831169 3.6 24
1758704842416 3.8 25
1758704853652 3.6 26
1758704864687 3.7 27
1758704875708 4.4 28
1758704886764 3.8 29
1758704898188 2.9 30
1758704909528 4.3 31
1758704920959 3.4 32
1758704932547 3.3 33
1758704943766 4.7 34
1758704954876 3.6 35
1758704965862 3.1 36
1758704977040 4.5 37
1758704988150 3.1 38
1758704999081 4.2 39
1758705010187 4.8 40
1758705021427 2.6 41
1758705032667 3.3 42
1758705043929 4.5 43
1758705055067 3.4 44
1758705066396 3.7 45
1758705077499 4.3 46
1758705088545 3.6 47
1758705100323 4.7 48
1758705111736 2.9 49
1758705123342 4.0 50
1758705134864 4.4 51
1758705145984 3.0 52
