1758704544295 1220968.7 0
1758704559034 1220968.7 1
1758704569717 1220968.7 2
1758704585053 1220968.7 3
1758704596821 1220968.7 4
1758704608261 1220968.7 5
1758704623207 1220968.7 6
1758704634907 1220968.7 7
1758704649025 1220968.7 8
1758704660705 1220968.7 9
1758704673983 1220968.7 10
1758704684674 1220968.7 11
1758704696876 1220968.7 12
1758704708374 1220968.7 13
1758704719675 1220968.7 14
1758704730759 1220968.7 15
1758704741714 1220968.7 16
1758704752672 1220968.7 17
1758704763643 1220968.7 18
1758704774581 1220968.7 19
1758704785606 1220968.7 20
1758704797315 1220968.7 21
1758704808661 1220968.7 22
1758704819886 1220968.7 23
1758704831169 1220968.7 24
1758704842416 1220968.7 25
1758704853652 1220968.7 26
1758704864687 1220968.7 27
1758704875708 1220968.7 28
1758704886764 1220968.7 29
1758704898188 1220968.7 30
1758704909528 1220968.7 31
1758704920959 1220968.7 32
1758704932547 1220968.7 33
1758704943766 1220968.7 34
1758704954876 1220968.7 35
1758704965862 1220968.7 36
1758704977040 1220968.7 37
1758704988150 1220968.7 38
1758704999081 1220968.7 39
1758705010187 1220968.7 40
1758705021427 1220968.7 41
1758705032667 1220968.7 42
1758705043929 1220968.7 43
1758705055067 1220968.7 44
1758705066396 1220968.7 45
1758705077499 1220968.7 46
1758705088545 1220968.7 47
1758705100323 1220968.7 48
1758705111736 1220968.7 49
1758705123342 1220968.7 50
1758705134864 1220968.7 51
1758705145984 1220968.7 52
