1758704544295 0.0 0
1758704559034 0.011796999999999613 1
1758704569717 0.016256999999999522 2
1758704585053 0.020782999999999774 3
1758704596821 0.03034300000000023 4
1758704608261 0.03486900000000048 5
1758704623207 0.03939499999999896 6
1758704634907 0.04449599999999876 7
1758704649025 0.049127999999999616 8
1758704660705 0.057430999999999344 9
1758704673983 0.06189099999999925 10
1758704684674 0.06692600000000049 11
1758704696876 0.07674699999999923 12
1758704708374 0.09008000000000038 13
1758704719675 0.10347799999999907 14
1758704730759 0.11745099999999908 15
1758704741714 0.14411600000000035 16
1758704752672 0.1586629999999989 17
1758704763643 0.172504 18
1758704774581 0.18290000000000006 19
1758704785606 0.1880639999999989 20
1758704797315 0.19265399999999921 21
1758704808661 0.20304900000000004 22
1758704819886 0.21580699999999986 23
1758704831169 0.22907299999999964 24
1758704842416 0.2429799999999993 25
1758704853652 0.25573799999999913 26
1758704864687 0.269069 27
1758704875708 0.29566799999999915 28
1758704886764 0.3095730000000003 29
1758704898188 0.31460500000000025 30
1758704909528 0.31963700000000017 31
1758704920959 0.3264560000000003 32
1758704932547 0.33863999999999983 33
1758704943766 0.35139799999999966 34
1758704954876 0.365238999999999 35
1758704965862 0.3785709999999991 36
1758704977040 0.3913289999999989 37
1758704988150 0.40466099999999905 38
1758704999081 0.43189999999999884 39
1758705010187 0.4422959999999989 40
1758705021427 0.44732799999999884 41
1758705032667 0.45235999999999876 42
1758705043929 0.46052499999999874 43
1758705055067 0.4739589999999989 44
1758705066396 0.4867829999999991 45
1758705077499 0.49960699999999925 46
1758705088545 0.5135139999999989 47
1758705100323 0.5267789999999994 48
1758705111736 0.5406849999999999 49
1758705123342 0.5655609999999989 50
1758705134864 0.5741689999999995 51
1758705145984 0.5792669999999998 52
