1758704544295 3.4 0
1758704559034 3.4 1
1758704569717 3.4 2
1758704585053 3.4 3
1758704596821 3.4 4
1758704608261 3.4 5
1758704623207 3.4 6
1758704634907 3.4 7
1758704649025 3.4 8
1758704660705 3.4 9
1758704673983 3.4 10
1758704684674 3.5 11
1758704696876 3.5 12
1758704708374 3.5 13
1758704719675 3.5 14
1758704730759 3.5 15
1758704741714 3.5 16
1758704752672 3.5 17
1758704763643 3.5 18
1758704774581 3.5 19
1758704785606 3.5 20
1758704797315 3.5 21
1758704808661 3.5 22
1758704819886 3.6 23
1758704831169 3.6 24
1758704842416 3.6 25
1758704853652 3.6 26
1758704864687 3.6 27
1758704875708 3.6 28
1758704886764 3.5 29
1758704898188 3.5 30
1758704909528 3.6 31
1758704920959 3.5 32
1758704932547 3.5 33
1758704943766 3.6 34
1758704954876 3.6 35
1758704965862 3.6 36
1758704977040 3.6 37
1758704988150 3.6 38
1758704999081 3.6 39
1758705010187 3.5 40
1758705021427 3.6 41
1758705032667 3.6 42
1758705043929 3.5 43
1758705055067 3.6 44
1758705066396 3.6 45
1758705077499 3.6 46
1758705088545 3.6 47
1758705100323 3.6 48
1758705111736 3.6 49
1758705123342 3.6 50
1758705134864 3.5 51
1758705145984 3.6 52
