1758703915259 3.0 0
1758703928976 3.7 1
1758703939408 3.9 2
1758703954669 3.5 3
1758703966957 4.3 4
1758703982477 3.6 5
1758703994827 3.7 6
1758704010128 3.9 7
1758704022092 3.5 8
1758704033825 3.1 9
1758704047680 4.6 10
1758704058571 3.0 11
1758704069433 4.7 12
1758704082401 3.8 13
1758704093677 3.1 14
1758704104960 3.7 15
1758704115979 5.1 16
1758704126836 3.5 17
1758704137724 3.8 18
1758704148479 3.9 19
1758704159556 3.6 20
1758704170963 3.6 21
1758704182174 4.1 22
1758704193558 3.7 23
1758704205217 3.6 24
1758704216978 4.4 25
1758704228799 3.8 26
1758704240212 3.3 27
1758704251185 4.8 28
1758704262112 3.5 29
1758704273056 2.8 30
1758704284248 4.4 31
1758704295658 3.7 32
1758704307039 3.5 33
1758704318875 4.7 34
1758704330335 3.0 35
1758704341424 4.0 36
1758704352332 4.8 37
1758704363335 3.2 38
1758704374271 3.4 39
1758704385300 4.5 40
1758704396445 3.1 41
1758704407792 3.7 42
1758704419120 5.1 43
1758704430499 5.3 44
1758704441734 6.1 45
1758704453279 4.9 46
1758704464679 3.8 47
1758704475713 4.5 48
1758704486688 3.4 49
1758704497687 3.6 50
