1758703915259 0.0 0
1758703928976 0.007325999999920896 1
1758703939408 0.014652000000069165 2
1758703954669 0.028389999999944848 3
1758703966957 0.03658199999995304 4
1758703982477 0.043992000000116604 5
1758703994827 0.051335999999992055 6
1758704010128 0.06600600000001577 7
1758704022092 0.073374000000058 8
1758704033825 0.08074200000010023 9
1758704047680 0.09481499999992593 10
1758704058571 0.10276199999998425 11
1758704069433 0.11023799999998118 12
1758704082401 0.1177620000000843 13
1758704093677 0.12526200000002063 14
1758704104960 0.13278600000012375 15
1758704115979 0.14032799999995405 16
1758704126836 0.14785200000005716 17
1758704137724 0.15541800000005423 18
1758704148479 0.1628760000000966 19
1758704159556 0.1703580000000784 20
1758704170963 0.17766000000005988 21
1758704182174 0.1924619999999777 22
1758704193558 0.20018400000003567 23
1758704205217 0.20781600000009348 24
1758704216978 0.21538200000009056 25
1758704228799 0.223013999999921 26
1758704240212 0.23057999999991807 27
1758704251185 0.23814599999991515 28
1758704262112 0.24558000000001812 29
1758704273056 0.252905999999939 30
1758704284248 0.2603160000001026 31
1758704295658 0.27520800000002055 32
1758704307039 0.28273200000012366 33
1758704318875 0.29018999999993866 34
1758704330335 0.29775599999993574 35
1758704341424 0.3053219999999328 36
1758704352332 0.3128220000000965 37
1758704363335 0.32023800000001756 38
1758704374271 0.32767200000012053 39
1758704385300 0.3350820000000567 40
1758704396445 0.34247400000003836 41
1758704407792 0.3498420000000806 42
1758704419120 0.36486600000012004 43
1758704430499 0.3723899999999958 44
1758704441734 0.37982400000009875 45
1758704453279 0.3874559999999292 46
1758704464679 0.39502199999992627 47
1758704475713 0.40250399999990805 48
1758704486688 0.4101780000000872 49
1758704497687 0.41743799999994735 50
