1758703915259 3.1 0
1758703928976 3.0 1
1758703939408 3.0 2
1758703954669 3.0 3
1758703966957 3.0 4
1758703982477 3.0 5
1758703994827 3.0 6
1758704010128 3.0 7
1758704022092 3.0 8
1758704033825 3.0 9
1758704047680 3.0 10
1758704058571 3.1 11
1758704069433 3.1 12
1758704082401 3.1 13
1758704093677 3.1 14
1758704104960 3.1 15
1758704115979 3.1 16
1758704126836 3.1 17
1758704137724 3.1 18
1758704148479 3.1 19
1758704159556 3.1 20
1758704170963 3.1 21
1758704182174 3.1 22
1758704193558 3.1 23
1758704205217 3.1 24
1758704216978 3.1 25
1758704228799 3.1 26
1758704240212 3.1 27
1758704251185 3.1 28
1758704262112 3.1 29
1758704273056 3.1 30
1758704284248 3.1 31
1758704295658 3.1 32
1758704307039 3.1 33
1758704318875 3.1 34
1758704330335 3.1 35
1758704341424 3.1 36
1758704352332 3.1 37
1758704363335 3.1 38
1758704374271 3.1 39
1758704385300 3.1 40
1758704396445 3.1 41
1758704407792 3.1 42
1758704419120 3.1 43
1758704430499 3.1 44
1758704441734 3.1 45
1758704453279 3.1 46
1758704464679 3.1 47
1758704475713 3.1 48
1758704486688 3.1 49
1758704497687 3.1 50
