1758703915259 41463.0 0
1758703928976 40334.7 1
1758703939408 40345.6 2
1758703954669 40778.5 3
1758703966957 40895.6 4
1758703982477 40867.5 5
1758703994827 40898.0 6
1758704010128 40899.3 7
1758704022092 40911.2 8
1758704033825 41201.4 9
1758704047680 41229.9 10
1758704058571 41811.8 11
1758704069433 41893.8 12
1758704082401 41882.2 13
1758704093677 41884.5 14
1758704104960 41967.7 15
1758704115979 41892.4 16
1758704126836 41889.6 17
1758704137724 41606.5 18
1758704148479 42043.2 19
1758704159556 41908.1 20
1758704170963 41809.0 21
1758704182174 42034.1 22
1758704193558 42036.6 23
1758704205217 42060.3 24
1758704216978 42045.3 25
1758704228799 42054.1 26
1758704240212 42134.7 27
1758704251185 42149.0 28
1758704262112 41895.9 29
1758704273056 41900.5 30
1758704284248 41590.0 31
1758704295658 41822.2 32
1758704307039 41924.9 33
1758704318875 41965.4 34
1758704330335 41979.2 35
1758704341424 41995.7 36
1758704352332 42103.7 37
1758704363335 42108.9 38
1758704374271 42110.8 39
1758704385300 42140.9 40
1758704396445 41546.6 41
1758704407792 41842.4 42
1758704419120 41985.4 43
1758704430499 41985.3 44
1758704441734 41523.0 45
1758704453279 41501.6 46
1758704464679 41560.2 47
1758704475713 41624.9 48
1758704486688 41617.0 49
1758704497687 41722.3 50
