1758704544295 1977468.8 0
1758704559034 1977468.8 1
1758704569717 1977468.8 2
1758704585053 1977468.8 3
1758704596821 1977468.8 4
1758704608261 1977468.8 5
1758704623207 1977468.8 6
1758704634907 1977468.8 7
1758704649025 1977468.8 8
1758704660705 1977468.8 9
1758704673983 1977468.8 10
1758704684674 1977468.8 11
1758704696876 1977468.8 12
1758704708374 1977468.8 13
1758704719675 1977468.8 14
1758704730759 1977468.8 15
1758704741714 1977468.8 16
1758704752672 1977468.8 17
1758704763643 1977468.8 18
1758704774581 1977468.8 19
1758704785606 1977468.8 20
1758704797315 1977468.8 21
1758704808661 1977468.8 22
1758704819886 1977468.8 23
1758704831169 1977468.8 24
1758704842416 1977468.8 25
1758704853652 1977468.8 26
1758704864687 1977468.8 27
1758704875708 1977468.8 28
1758704886764 1977468.8 29
1758704898188 1977468.8 30
1758704909528 1977468.8 31
1758704920959 1977468.8 32
1758704932547 1977468.8 33
1758704943766 1977468.8 34
1758704954876 1977468.8 35
1758704965862 1977468.8 36
1758704977040 1977468.8 37
1758704988150 1977468.8 38
1758704999081 1977468.8 39
1758705010187 1977468.8 40
1758705021427 1977468.8 41
1758705032667 1977468.8 42
1758705043929 1977468.8 43
1758705055067 1977468.8 44
1758705066396 1977468.8 45
1758705077499 1977468.8 46
1758705088545 1977468.8 47
1758705100323 1977468.8 48
1758705111736 1977468.8 49
1758705123342 1977468.8 50
1758705134864 1977468.8 51
1758705145984 1977468.8 52
