1758704544295 38.2 0
1758704559034 38.2 1
1758704569717 38.2 2
1758704585053 38.2 3
1758704596821 38.2 4
1758704608261 38.2 5
1758704623207 38.2 6
1758704634907 38.2 7
1758704649025 38.2 8
1758704660705 38.2 9
1758704673983 38.2 10
1758704684674 38.2 11
1758704696876 38.2 12
1758704708374 38.2 13
1758704719675 38.2 14
1758704730759 38.2 15
1758704741714 38.2 16
1758704752672 38.2 17
1758704763643 38.2 18
1758704774581 38.2 19
1758704785606 38.2 20
1758704797315 38.2 21
1758704808661 38.2 22
1758704819886 38.2 23
1758704831169 38.2 24
1758704842416 38.2 25
1758704853652 38.2 26
1758704864687 38.2 27
1758704875708 38.2 28
1758704886764 38.2 29
1758704898188 38.2 30
1758704909528 38.2 31
1758704920959 38.2 32
1758704932547 38.2 33
1758704943766 38.2 34
1758704954876 38.2 35
1758704965862 38.2 36
1758704977040 38.2 37
1758704988150 38.2 38
1758704999081 38.2 39
1758705010187 38.2 40
1758705021427 38.2 41
1758705032667 38.2 42
1758705043929 38.2 43
1758705055067 38.2 44
1758705066396 38.2 45
1758705077499 38.2 46
1758705088545 38.2 47
1758705100323 38.2 48
1758705111736 38.2 49
1758705123342 38.2 50
1758705134864 38.2 51
1758705145984 38.2 52
