1758704544295 0.0 0
1758704559034 0.01462800000012976 1
1758704569717 0.02193000000011125 2
1758704585053 0.029189999999971405 3
1758704596821 0.043859999999995125 4
1758704608261 0.051161999999976615 5
1758704623207 0.058530000000018845 6
1758704634907 0.06593999999995503 7
1758704649025 0.07498299999997471 8
1758704660705 0.08793600000012702 9
1758704673983 0.09528000000000247 10
1758704684674 0.10254000000009 11
1758704696876 0.1099739999999656 12
1758704708374 0.11749800000006871 13
1758704719675 0.12513000000012653 14
1758704730759 0.13276199999995697 15
1758704741714 0.14774400000010246 16
1758704752672 0.1552440000000388 17
1758704763643 0.16278600000009646 18
1758704774581 0.17024400000013884 19
1758704785606 0.17774400000007518 20
1758704797315 0.18517799999995077 21
1758704808661 0.19267800000011448 22
1758704819886 0.20017800000005082 23
1758704831169 0.2076360000000932 24
1758704842416 0.21515999999996893 25
1758704853652 0.2226180000000113 26
1758704864687 0.2302079999999478 27
1758704875708 0.24516600000015387 28
1758704886764 0.25273200000015095 29
1758704898188 0.2599920000000111 30
1758704909528 0.2672939999999926 31
1758704920959 0.2746380000000954 32
1758704932547 0.28213800000003175 33
1758704943766 0.2895960000000741 34
1758704954876 0.2970540000001165 35
1758704965862 0.3046200000001136 36
1758704977040 0.31207800000015595 37
1758704988150 0.31964400000015303 38
1758704999081 0.33473400000002584 39
1758705010187 0.3421920000000682 40
1758705021427 0.34945200000015575 41
1758705032667 0.35675400000013724 42
1758705043929 0.3642540000000736 43
1758705055067 0.3718860000001314 44
1758705066396 0.37945200000012846 45
1758705077499 0.3869520000000648 46
1758705088545 0.39447599999994054 47
1758705100323 0.4019339999999829 48
1758705111736 0.40945800000008603 49
1758705123342 0.42441600000006474 50
1758705134864 0.4319160000000011 51
1758705145984 0.43924200000014935 52
