1758704544295 45510.9 0
1758704559034 45375.2 1
1758704569717 45446.7 2
1758704585053 46157.8 3
1758704596821 46351.0 4
1758704608261 46411.1 5
1758704623207 46424.0 6
1758704634907 46473.1 7
1758704649025 46520.3 8
1758704660705 46564.0 9
1758704673983 46636.0 10
1758704684674 46929.0 11
1758704696876 47630.0 12
1758704708374 47744.8 13
1758704719675 47745.0 14
1758704730759 47757.5 15
1758704741714 47906.5 16
1758704752672 47945.5 17
1758704763643 47905.6 18
1758704774581 47387.7 19
1758704785606 47887.1 20
1758704797315 47978.6 21
1758704808661 47901.8 22
1758704819886 48079.7 23
1758704831169 48208.2 24
1758704842416 48250.6 25
1758704853652 48281.5 26
1758704864687 48316.2 27
1758704875708 48340.0 28
1758704886764 47359.7 29
1758704898188 47973.3 30
1758704909528 48207.7 31
1758704920959 47276.7 32
1758704932547 47861.8 33
1758704943766 48080.4 34
1758704954876 48118.9 35
1758704965862 48145.9 36
1758704977040 48217.1 37
1758704988150 48271.4 38
1758704999081 48269.0 39
1758705010187 47636.5 40
1758705021427 48251.2 41
1758705032667 48324.3 42
1758705043929 47605.0 43
1758705055067 48142.9 44
1758705066396 48237.0 45
1758705077499 48248.2 46
1758705088545 48246.6 47
1758705100323 48123.6 48
1758705111736 48136.1 49
1758705123342 48137.7 50
1758705134864 47631.7 51
1758705145984 48099.6 52
