1758704673987 1.274877905845642 0
1758704674494 1.227103590965271 1
1758704675312 1.240679383277893 2
1758704675713 1.0303163528442383 3
1758704676904 1.0505471229553223 4
1758704677294 1.2479338645935059 5
1758704678170 1.1668897867202759 6
1758704678674 1.1561435461044312 7
1758704679767 0.976938009262085 8
1758704680192 1.2057068347930908 9
1758704680980 1.1854912042617798 10
1758704681482 1.0842405557632446 11
1758704682518 1.1119977235794067 12
1758704682928 0.8778203725814819 13
1758704684002 1.163007378578186 14
1758704684583 1.1736379861831665 15
1758704685499 1.0016984939575195 16
1758704686046 0.9534709453582764 17
1758704687011 0.8848164081573486 18
1758704687581 1.0556374788284302 19
1758704688487 0.8128603100776672 20
1758704689035 0.9354338645935059 21
1758704689950 1.0400865077972412 22
1758704690447 0.9915422201156616 23
1758704691347 1.0026347637176514 24
1758704691852 0.9515678882598877 25
1758704692795 0.7051891088485718 26
1758704693235 0.9449503421783447 27
1758704694278 0.8438445925712585 28
1758704694797 1.0196465253829956 29
1758704695716 1.0088144540786743 30
1758704696218 0.9836364984512329 31
1758704697101 0.8510501384735107 32
1758704697682 0.9045856595039368 33
1758704698583 0.891035258769989 34
1758704699074 1.03877592086792 35
1758704699940 0.962557315826416 36
1758704700502 0.8799742460250854 37
1758704701540 0.7287940382957458 38
1758704701961 0.7802414298057556 39
1758704702657 0.7540425062179565 40
1758704703162 0.8067717552185059 41
1758704703988 0.8790792226791382 42
1758704704500 0.8252915143966675 43
1758704705369 0.7635273933410645 44
1758704705863 0.7459239959716797 45
1758704706746 0.709048867225647 46
1758704707258 0.7261882424354553 47
1758704708205 0.8041547536849976 48
1758704708719 0.6854894757270813 49
1758704709582 0.688818097114563 50
1758704710103 0.7275019288063049 51
1758704711018 0.8437246680259705 52
1758704711511 0.6832879781723022 53
1758704712413 0.9650462865829468 54
1758704712865 0.8376681804656982 55
1758704713769 0.735256552696228 56
1758704714175 0.7948879599571228 57
1758704715323 0.724423348903656 58
1758704715850 0.6557839512825012 59
1758704716850 0.6059638261795044 60
1758704717315 0.6843376159667969 61
1758704718254 0.7451397180557251 62
1758704718780 0.7182456851005554 63
1758704719701 0.7499011754989624 64
1758704720174 0.7300778031349182 65
1758704721104 0.7006506323814392 66
1758704721665 0.649567186832428 67
1758704722553 0.6509479284286499 68
1758704723103 0.666236937046051 69
1758704723951 0.7206626534461975 70
1758704724450 0.666069507598877 71
1758704725299 0.6896518468856812 72
1758704725784 0.6971938610076904 73
1758704726674 0.6486192345619202 74
1758704727182 0.729660153388977 75
1758704728068 0.7650746703147888 76
1758704728528 0.693198025226593 77
1758704729358 0.6742604374885559 78
1758704729829 0.677638828754425 79
1758704730735 0.6798452734947205 80
1758704731302 0.6108649373054504 81
1758704732164 0.6285193562507629 82
1758704732645 0.650418221950531 83
1758704733518 0.6442142724990845 84
1758704733997 0.6545519828796387 85
1758704734872 0.7028723359107971 86
1758704735399 0.6760398149490356 87
1758704736253 0.7313277125358582 88
1758704736725 0.6784321665763855 89
1758704737566 0.648061215877533 90
1758704737946 0.7284927368164062 91
1758704738954 0.5952272415161133 92
1758704739420 0.638055682182312 93
1758704740315 0.6365441679954529 94
1758704740780 0.6552581191062927 95
1758704741661 0.6096495985984802 96
1758704742108 0.6290164589881897 97
1758704742912 0.6126827001571655 98
1758704743380 0.7323405742645264 99
1758704744221 0.6201593279838562 100
1758704744602 0.6165911555290222 101
1758704745575 0.5761539936065674 102
1758704746015 0.6309712529182434 103
1758704746932 0.6468117237091064 104
1758704747412 0.5969046354293823 105
1758704748276 0.6068705320358276 106
1758704748762 0.6065909266471863 107
1758704749636 0.5677589774131775 108
1758704749998 0.5751599669456482 109
1758704751113 0.6051568388938904 110
1758704751608 0.6167625188827515 111
1758704752234 0.6290394067764282 112
1758704752602 0.5893653035163879 113
1758704753655 0.6145272850990295 114
1758704754150 0.5563598275184631 115
1758704755039 0.6077470183372498 116
1758704755512 0.6007871627807617 117
1758704756404 0.52302086353302 118
1758704756768 0.6351262927055359 119
1758704789133 0.6492785811424255 120
1758704789533 0.5687216520309448 121
1758704790446 0.6716660857200623 122
1758704790869 0.6527538299560547 123
1758704791864 0.6030321717262268 124
1758704792269 0.6129444241523743 125
1758704793439 0.5334336161613464 126
1758704793944 0.6050921082496643 127
1758704794910 0.5332192778587341 128
1758704795424 0.5383647084236145 129
1758704796370 0.5222527384757996 130
1758704796879 0.5772877931594849 131
1758704797861 0.5547778606414795 132
1758704798427 0.6793599128723145 133
1758704799371 0.5454949140548706 134
1758704799955 0.633521318435669 135
1758704800896 0.5057806372642517 136
1758704801448 0.5692837834358215 137
1758704802386 0.6079710125923157 138
1758704802866 0.5670883655548096 139
1758704804046 0.564450740814209 140
1758704804567 0.575941801071167 141
1758704805517 0.5319984555244446 142
1758704805911 0.5744546055793762 143
1758704807187 0.6197658181190491 144
1758704807641 0.5716193318367004 145
1758704808357 0.5690508484840393 146
1758704808896 0.6052613258361816 147
1758704809849 0.5529735088348389 148
1758704810349 0.5277165174484253 149
1758704811369 0.5614451766014099 150
1758704811739 0.5783885717391968 151
1758704812665 0.579969584941864 152
1758704813151 0.5317744016647339 153
1758704814076 0.5366678237915039 154
1758704814443 0.8309727311134338 155
1758704815436 0.5920571684837341 156
1758704815915 0.534393310546875 157
1758704816791 0.5944703817367554 158
1758704817151 0.5738728046417236 159
1758704818197 0.5384505391120911 160
1758704818773 0.5781518220901489 161
1758704819702 0.5858083963394165 162
1758704820086 0.5516306757926941 163
1758704821110 0.5571462512016296 164
1758704821666 0.6096738576889038 165
1758704822520 0.5584005117416382 166
1758704823026 0.545525074005127 167
1758704823938 0.5137945413589478 168
1758704824445 0.5532313585281372 169
1758704825356 0.5500481724739075 170
1758704825827 0.5409790277481079 171
1758704826886 0.5121666193008423 172
1758704827331 0.5640411972999573 173
1758704828167 0.4950936734676361 174
1758704828626 0.5875892043113708 175
1758704829637 0.4944465160369873 176
1758704830016 0.6115176677703857 177
1758704831134 0.5207288265228271 178
1758704831660 0.514978289604187 179
1758704832656 0.4961261749267578 180
1758704833274 0.49432578682899475 181
1758704834204 0.4585009217262268 182
1758704834723 0.4711967706680298 183
1758704835803 0.6397963166236877 184
1758704836427 0.4837178885936737 185
1758704837172 0.5931194424629211 186
1758704837638 0.5202940106391907 187
1758704838568 0.5050432085990906 188
1758704838938 0.46957483887672424 189
1758704839957 0.5347107648849487 190
1758704840479 0.568725049495697 191
1758704841366 0.5684583783149719 192
1758704841853 0.4909811019897461 193
1758704843034 0.44028714299201965 194
1758704843444 0.5066654682159424 195
1758704844438 0.5458548665046692 196
1758704844974 0.49736902117729187 197
1758704845828 0.608500063419342 198
1758704846310 0.5261536240577698 199
1758704847191 0.5489596128463745 200
1758704847657 0.4986080825328827 201
1758704848508 0.5381352305412292 202
1758704848975 0.568006694316864 203
1758704849852 0.49483388662338257 204
1758704850291 0.49504855275154114 205
1758704851237 0.5085039138793945 206
1758704851680 0.49801120162010193 207
1758704852572 0.50766921043396 208
1758704852941 0.5611490607261658 209
1758704853953 0.4787760376930237 210
1758704854319 0.5248543620109558 211
1758704855454 0.5571203231811523 212
1758704855974 0.5083506107330322 213
1758704856799 0.5597507357597351 214
1758704857174 0.45724350214004517 215
1758704858142 0.4754940867424011 216
1758704858505 0.5632391571998596 217
1758704859605 0.46918338537216187 218
1758704860079 0.42664071917533875 219
1758704860990 0.535525918006897 220
1758704861362 0.48878154158592224 221
1758704862481 0.5209153890609741 222
1758704863039 0.5032708644866943 223
1758704863977 0.5258589386940002 224
1758704864458 0.49616917967796326 225
1758704865444 0.5215921998023987 226
1758704865835 0.48239341378211975 227
1758704866883 0.5059024095535278 228
1758704867244 0.45064955949783325 229
1758704868264 0.5198332667350769 230
1758704868628 0.4993724822998047 231
1758704869842 0.4783192574977875 232
1758704870201 0.4777543246746063 233
1758704871019 0.5116665363311768 234
1758704871495 0.44837599992752075 235
1758704872390 0.4934750497341156 236
1758704872903 0.47616103291511536 237
1758704873760 0.47279104590415955 238
1758704874112 0.4751341640949249 239
1758704907847 0.5195620656013489 240
1758704908260 0.47815170884132385 241
1758704909253 0.44688764214515686 242
1758704909630 0.48150408267974854 243
1758704910754 0.45963260531425476 244
1758704911317 0.48736247420310974 245
1758704912282 0.43430718779563904 246
1758704912803 0.5180184841156006 247
1758704913756 0.4457947909832001 248
1758704914237 0.47158485651016235 249
1758704915391 0.49386370182037354 250
1758704915786 0.5031436681747437 251
1758704916778 0.4104202091693878 252
1758704917150 0.463864266872406 253
1758704918275 0.5010427832603455 254
1758704918663 0.4789653420448303 255
1758704919770 0.49239006638526917 256
1758704920193 0.49108028411865234 257
1758704921306 0.4647919535636902 258
1758704921835 0.46857571601867676 259
1758704922769 0.4839075803756714 260
1758704923393 0.45909714698791504 261
1758704924163 0.4203115999698639 262
1758704924671 0.446240097284317 263
1758704925561 0.4565105140209198 264
1758704926046 0.4553053379058838 265
1758704927046 0.4586256146430969 266
1758704927428 0.4163249433040619 267
1758704928711 0.49876531958580017 268
1758704929148 0.45485785603523254 269
1758704929966 0.49055200815200806 270
1758704930510 0.4151005446910858 271
1758704931375 0.4938661754131317 272
1758704931909 0.43142905831336975 273
1758704932825 0.46523240208625793 274
1758704933284 0.41382524371147156 275
1758704934319 0.45055657625198364 276
1758704934726 0.4211416244506836 277
1758704935719 0.5279481410980225 278
1758704936093 0.4466515779495239 279
1758704937058 0.4499216377735138 280
1758704937732 0.4440770745277405 281
1758704938428 0.41946977376937866 282
1758704938935 0.4701896607875824 283
1758704939795 0.599743664264679 284
1758704940177 0.4725567400455475 285
1758704941330 0.43321964144706726 286
1758704941691 0.4672508239746094 287
1758704942706 0.4635942578315735 288
1758704943157 0.37903571128845215 289
1758704944120 0.6201447248458862 290
1758704944494 0.4416954517364502 291
1758704945530 0.4275052547454834 292
1758704946035 0.4277697205543518 293
1758704946988 0.45465540885925293 294
1758704947377 0.4202979803085327 295
1758704948618 0.4817071557044983 296
1758704948973 0.43130892515182495 297
1758704950126 0.4361499845981598 298
1758704950732 0.4608403742313385 299
1758704952138 0.44919079542160034 300
1758704952634 0.40481314063072205 301
1758704953675 0.42563071846961975 302
1758704954088 0.44298502802848816 303
1758704955182 0.4455306828022003 304
1758704955671 0.4973982572555542 305
1758704956577 0.43825453519821167 306
1758704957148 0.4643469750881195 307
1758704958056 0.7519940733909607 308
1758704958540 0.4020201861858368 309
1758704959501 0.46565693616867065 310
1758704960014 0.4117104411125183 311
1758704961029 0.41370126605033875 312
1758704961476 0.47567978501319885 313
1758704962786 0.3869017958641052 314
1758704963151 0.4597175717353821 315
1758704964174 0.4307175874710083 316
1758704964698 0.41092756390571594 317
1758704965578 0.4295700788497925 318
1758704965922 0.4215993285179138 319
1758704966998 0.41617441177368164 320
1758704967479 0.4062117338180542 321
1758704968383 0.39287370443344116 322
1758704968749 0.3691205084323883 323
1758704969818 0.4288516640663147 324
1758704970308 0.543947160243988 325
1758704971177 0.4132227301597595 326
1758704971534 0.45149552822113037 327
1758704972661 0.3775482773780823 328
1758704973021 0.415251225233078 329
1758704973929 0.37843024730682373 330
1758704974294 0.3892829716205597 331
1758704975351 0.4343689978122711 332
1758704975717 0.5012240409851074 333
1758704976810 0.38395532965660095 334
1758704977374 0.4189373254776001 335
1758704978314 0.4480518102645874 336
1758704978683 0.41892164945602417 337
1758704979644 0.44823962450027466 338
1758704980117 0.44056007266044617 339
1758704980943 0.3693263828754425 340
1758704981427 0.44952020049095154 341
1758704982270 0.45500996708869934 342
1758704982767 0.42456579208374023 343
1758704983631 0.3912959694862366 344
1758704984062 0.5735968351364136 345
1758704984913 0.4320237636566162 346
1758704985355 0.4495972692966461 347
1758704986288 0.3997255563735962 348
1758704986671 0.4156542122364044 349
1758704987645 0.47516563534736633 350
1758704987993 0.43710511922836304 351
1758704989163 0.532397449016571 352
1758704989678 0.6348583698272705 353
1758704990545 0.39476555585861206 354
1758704991039 0.42042988538742065 355
1758704992000 0.44807159900665283 356
1758704992484 0.40303605794906616 357
1758704993355 0.33768486976623535 358
1758704993720 0.4284134805202484 359
1758705027822 0.4282352924346924 360
1758705028205 0.4139084219932556 361
1758705029139 0.3886767029762268 362
1758705029528 0.43818995356559753 363
1758705030863 0.3994733393192291 364
1758705031236 0.36440083384513855 365
1758705032178 0.405280202627182 366
1758705032571 0.41540127992630005 367
1758705033901 0.3826631009578705 368
1758705034282 0.36069294810295105 369
1758705035139 0.39097145199775696 370
1758705035638 0.39995336532592773 371
1758705036698 0.459515243768692 372
1758705037095 0.4627496302127838 373
1758705038547 0.41843852400779724 374
1758705039086 0.3623311519622803 375
1758705040066 0.4291195571422577 376
1758705040471 0.4002160131931305 377
1758705041560 0.34745606780052185 378
1758705041948 0.34205037355422974 379
1758705043074 0.39726483821868896 380
1758705043617 0.4306551218032837 381
1758705044529 0.39122796058654785 382
1758705044909 0.44808679819107056 383
1758705045987 0.40764427185058594 384
1758705046407 0.41850635409355164 385
1758705047467 0.3846222162246704 386
1758705048027 0.3361387550830841 387
1758705049116 0.3588571846485138 388
1758705049609 0.38726386427879333 389
1758705050729 0.4212869703769684 390
1758705051117 0.40695008635520935 391
1758705051946 0.40491190552711487 392
1758705052539 0.41862350702285767 393
1758705053752 0.5010074973106384 394
1758705054229 0.4132533073425293 395
1758705055168 0.4016874432563782 396
1758705055691 0.6936567425727844 397
1758705056778 0.36756452918052673 398
1758705057249 0.4147622585296631 399
1758705058149 0.3851006031036377 400
1758705058637 0.39512258768081665 401
1758705059530 0.36527886986732483 402
1758705060018 0.3759104311466217 403
1758705060934 0.3621973693370819 404
1758705061495 0.39285966753959656 405
1758705062451 0.3745974898338318 406
1758705063078 0.3573947846889496 407
1758705063865 0.3955545425415039 408
1758705064280 0.5434101819992065 409
1758705065191 0.3052590489387512 410
1758705065736 0.38471463322639465 411
1758705066632 0.36824774742126465 412
1758705067159 0.3845934569835663 413
1758705068087 0.3849756419658661 414
1758705068555 0.4220861792564392 415
1758705069429 0.3397819399833679 416
1758705069899 0.4292651414871216 417
1758705070783 0.3556015193462372 418
1758705071140 0.41064679622650146 419
1758705072241 0.3748897910118103 420
1758705072608 0.3764247000217438 421
1758705073652 0.4188302755355835 422
1758705074141 0.3787100911140442 423
1758705075050 0.37882930040359497 424
1758705075530 0.32233062386512756 425
1758705076413 0.32370880246162415 426
1758705076833 0.39372801780700684 427
1758705078052 0.3436383306980133 428
1758705078451 0.42332473397254944 429
1758705079313 0.33266931772232056 430
1758705079683 0.3710586428642273 431
1758705080731 0.3447490334510803 432
1758705081312 0.31131187081336975 433
1758705082235 0.40500789880752563 434
1758705082732 0.3063916862010956 435
1758705083643 0.35657957196235657 436
1758705084011 0.30586835741996765 437
1758705085043 0.3719742000102997 438
1758705085543 0.3925436735153198 439
1758705086384 0.3691609799861908 440
1758705086875 0.40414509177207947 441
1758705087702 0.3439484238624573 442
1758705088222 0.3331519067287445 443
1758705089119 0.44046449661254883 444
1758705089476 0.4069104790687561 445
1758705090630 0.40212351083755493 446
1758705091102 0.3795458674430847 447
1758705091931 0.3447974622249603 448
1758705092385 0.31436285376548767 449
1758705093416 0.32179388403892517 450
1758705094047 0.3090231716632843 451
1758705095058 0.37461012601852417 452
1758705095593 0.42180749773979187 453
1758705096547 0.3918342590332031 454
1758705096954 0.27705782651901245 455
1758705098018 0.3191433846950531 456
1758705098460 0.369782418012619 457
1758705099545 0.34078383445739746 458
1758705099995 0.33024194836616516 459
1758705101134 0.37108302116394043 460
1758705101583 0.3140130937099457 461
1758705102917 0.34051617980003357 462
1758705103320 0.33513566851615906 463
1758705104343 0.36149832606315613 464
1758705104795 0.3333161771297455 465
1758705105623 0.35284122824668884 466
1758705106185 0.3442092537879944 467
1758705107281 0.48946475982666016 468
1758705107703 0.3342958390712738 469
1758705108504 0.4060066044330597 470
1758705109046 0.3465828001499176 471
1758705109969 0.32042425870895386 472
1758705110450 0.29723647236824036 473
1758705111373 0.33818599581718445 474
1758705111878 0.38006120920181274 475
1758705112811 0.2948719263076782 476
1758705113298 0.3104478120803833 477
1758705114230 0.34138450026512146 478
1758705114631 0.33349332213401794 479
