1758703159219 38.2 0
1758703171345 38.2 1
1758703183228 38.2 2
1758703197206 38.2 3
1758703211029 38.2 4
1758703221895 38.2 5
1758703233864 38.2 6
1758703245413 38.2 7
1758703257280 38.2 8
1758703268965 38.2 9
1758703280814 38.2 10
1758703293245 38.2 11
1758703305915 38.2 12
1758703318677 38.2 13
1758703330711 38.2 14
1758703342269 38.2 15
1758703353916 38.2 16
1758703365667 38.2 17
1758703377098 38.2 18
1758703388949 38.2 19
1758703401040 38.2 20
1758703412519 38.2 21
1758703423748 38.2 22
1758703435368 38.2 23
1758703446689 38.2 24
1758703457602 38.2 25
1758703468449 38.2 26
1758703479339 38.2 27
1758703490290 38.2 28
1758703501587 38.2 29
1758703513086 38.2 30
1758703525024 38.2 31
1758703536682 38.2 32
1758703548328 38.2 33
1758703559577 38.2 34
1758703570823 38.2 35
1758703581896 38.2 36
1758703592923 38.2 37
1758703603933 38.2 38
1758703615105 38.2 39
1758703626658 38.2 40
1758703638003 38.2 41
1758703649596 38.2 42
1758703661137 38.2 43
1758703672461 38.2 44
1758703683500 38.2 45
1758703694700 38.2 46
1758703705734 38.2 47
1758703716831 38.2 48
1758703728086 38.2 49
1758703739745 38.2 50
1758703751765 38.2 51
1758703763564 38.2 52
1758703775279 38.2 53
1758703786439 38.2 54
1758703797502 38.2 55
1758703808536 38.2 56
1758703819508 38.2 57
1758703830506 38.2 58
1758703841602 38.2 59
1758703852820 38.2 60
1758703864231 38.2 61
