1758703159219 1221032.8 0
1758703171345 1221032.8 1
1758703183228 1221028.3 2
1758703197206 1221025.0 3
1758703211029 1221025.0 4
1758703221895 1221025.0 5
1758703233864 1221025.0 6
1758703245413 1221025.0 7
1758703257280 1221025.0 8
1758703268965 1221025.0 9
1758703280814 1221025.0 10
1758703293245 1221025.0 11
1758703305915 1221025.0 12
1758703318677 1221025.0 13
1758703330711 1221025.0 14
1758703342269 1221025.0 15
1758703353916 1221025.0 16
1758703365667 1221025.0 17
1758703377098 1221025.0 18
1758703388949 1221025.0 19
1758703401040 1221025.0 20
1758703412519 1221025.0 21
1758703423748 1221025.0 22
1758703435368 1221025.0 23
1758703446689 1221025.0 24
1758703457602 1220968.7 25
1758703468449 1220968.7 26
1758703479339 1220968.7 27
1758703490290 1220968.7 28
1758703501587 1220968.7 29
1758703513086 1220968.7 30
1758703525024 1220968.7 31
1758703536682 1220968.7 32
1758703548328 1220968.7 33
1758703559577 1220968.7 34
1758703570823 1220968.7 35
1758703581896 1220968.7 36
1758703592923 1220968.7 37
1758703603933 1220968.7 38
1758703615105 1220968.7 39
1758703626658 1220968.7 40
1758703638003 1220968.7 41
1758703649596 1220968.7 42
1758703661137 1220968.7 43
1758703672461 1220968.7 44
1758703683500 1220968.7 45
1758703694700 1220968.7 46
1758703705734 1220968.7 47
1758703716831 1220968.7 48
1758703728086 1220968.7 49
1758703739745 1220968.7 50
1758703751765 1220968.7 51
1758703763564 1220968.7 52
1758703775279 1220968.7 53
1758703786439 1220968.7 54
1758703797502 1220968.7 55
1758703808536 1220968.7 56
1758703819508 1220968.7 57
1758703830506 1220968.7 58
1758703841602 1220968.7 59
1758703852820 1220968.7 60
1758703864231 1220968.7 61
