1758705195521 1977468.8 0
1758705209367 1977468.8 1
1758705221965 1977468.8 2
1758705235043 1977468.8 3
1758705248743 1977468.8 4
1758705262645 1977468.8 5
1758705276268 1977468.8 6
1758705289634 1977468.8 7
1758705303098 1977468.8 8
1758705316728 1977468.8 9
1758705330692 1977468.8 10
1758705343189 1977468.8 11
1758705353768 1977468.8 12
1758705365254 1977468.8 13
1758705376280 1977468.8 14
1758705387472 1977468.8 15
1758705398557 1977468.8 16
1758705410093 1977468.8 17
1758705421366 1977468.8 18
1758705432404 1977468.8 19
1758705443306 1977468.8 20
1758705454288 1977468.8 21
1758705465561 1977468.8 22
1758705476692 1977468.8 23
1758705487798 1977468.8 24
1758705498831 1977468.8 25
1758705509963 1977468.8 26
1758705521576 1977468.8 27
1758705533007 1977468.8 28
1758705544277 1977468.8 29
1758705555938 1977468.8 30
1758705568478 1977468.8 31
1758705579739 1977468.8 32
1758705591123 1977468.8 33
1758705602173 1977468.8 34
1758705613242 1977468.8 35
1758705624282 1977468.8 36
1758705635396 1977468.8 37
1758705646647 1977468.8 38
1758705657994 1977468.8 39
1758705669193 1977468.8 40
1758705680367 1977468.8 41
1758705691479 1977468.8 42
1758705702620 1977468.8 43
1758705713790 1977468.8 44
1758705724792 1977468.8 45
1758705735742 1977468.8 46
1758705749749 1977468.8 47
1758705761250 1977468.8 48
1758705772535 1977468.8 49
1758705783885 1977468.8 50
1758705795122 1977468.8 51
1758705806416 1977468.8 52
1758705817420 1977468.8 53
1758705828418 1977468.8 54
