1758705195521 0.0 0
1758705209367 0.01473600000008446 1
1758705221965 0.021995999999944615 2
1758705235043 0.0293819999999414 3
1758705248743 0.03834099999994578 4
1758705262645 0.051269999999931315 5
1758705276268 0.058704000000034284 6
1758705289634 0.06607200000007651 7
1758705303098 0.0808079999999336 8
1758705316728 0.08815200000003642 9
1758705330692 0.09552000000007865 10
1758705343189 0.10288800000012088 11
1758705353768 0.11032199999999648 12
1758705365254 0.12508200000002034 13
1758705376280 0.13264800000001742 14
1758705387472 0.1402379999999539 15
1758705398557 0.14769599999999627 16
1758705410093 0.15526199999999335 17
1758705421366 0.16272000000003572 18
1758705432404 0.17039999999997235 19
1758705443306 0.17798999999990883 20
1758705454288 0.1854240000000118 21
1758705465561 0.19277400000009948 22
1758705476692 0.20014199999991433 23
1758705487798 0.2074680000000626 24
1758705498831 0.22249200000010205 25
1758705509963 0.2301239999999325 26
1758705521576 0.2376240000000962 27
1758705533007 0.24504000000001724 28
1758705544277 0.2524319999999989 29
1758705555938 0.2599319999999352 30
1758705568478 0.2674320000000989 31
1758705579739 0.2746919999999591 32
1758705591123 0.28385099999991326 33
1758705602173 0.2969700000001012 34
1758705613242 0.30447000000003754 35
1758705624282 0.3119939999999133 36
1758705635396 0.3196020000000317 37
1758705646647 0.32712599999990744 38
1758705657994 0.3346080000001166 39
1758705669193 0.3421080000000529 40
1758705680367 0.34950000000003456 41
1758705691479 0.3569999999999709 42
1758705702620 0.3643019999999524 43
1758705713790 0.3716699999999946 44
1758705724792 0.378840000000082 45
1758705735742 0.3939060000000154 46
1758705749749 0.4015380000000732 47
1758705761250 0.40906199999994897 48
1758705772535 0.4166700000000674 49
1758705783885 0.4243020000001252 50
1758705795122 0.4317599999999402 51
1758705806416 0.43935000000010405 52
1758705817420 0.4467420000000857 53
1758705828418 0.4613280000000941 54
