1758705195521 50165.8 0
1758705209367 50116.2 1
1758705221965 50073.8 2
1758705235043 50274.3 3
1758705248743 51051.5 4
1758705262645 51212.1 5
1758705276268 51088.5 6
1758705289634 51216.6 7
1758705303098 51117.5 8
1758705316728 51240.2 9
1758705330692 51310.3 10
1758705343189 51339.4 11
1758705353768 52109.3 12
1758705365254 52617.9 13
1758705376280 53083.4 14
1758705387472 53180.3 15
1758705398557 53195.5 16
1758705410093 53234.5 17
1758705421366 53235.7 18
1758705432404 53132.9 19
1758705443306 51976.3 20
1758705454288 52689.7 21
1758705465561 53276.3 22
1758705476692 52161.0 23
1758705487798 52921.9 24
1758705498831 53387.6 25
1758705509963 53449.0 26
1758705521576 53579.9 27
1758705533007 53617.1 28
1758705544277 53628.7 29
1758705555938 53713.3 30
1758705568478 52722.4 31
1758705579739 53307.1 32
1758705591123 53661.2 33
1758705602173 52834.6 34
1758705613242 53204.4 35
1758705624282 53573.3 36
1758705635396 53580.9 37
1758705646647 53489.0 38
1758705657994 53537.3 39
1758705669193 53570.5 40
1758705680367 53475.4 41
1758705691479 52683.0 42
1758705702620 53195.2 43
1758705713790 53388.0 44
1758705724792 52475.8 45
1758705735742 53060.2 46
1758705749749 53383.3 47
1758705761250 53429.3 48
1758705772535 53471.1 49
1758705783885 53497.7 50
1758705795122 53606.0 51
1758705806416 52545.8 52
1758705817420 53049.0 53
1758705828418 53579.1 54
