1758705195521 3.7 0
1758705209367 3.7 1
1758705221965 3.7 2
1758705235043 3.7 3
1758705248743 3.8 4
1758705262645 3.8 5
1758705276268 3.8 6
1758705289634 3.8 7
1758705303098 3.8 8
1758705316728 3.8 9
1758705330692 3.8 10
1758705343189 3.8 11
1758705353768 3.9 12
1758705365254 3.9 13
1758705376280 3.9 14
1758705387472 3.9 15
1758705398557 3.9 16
1758705410093 3.9 17
1758705421366 3.9 18
1758705432404 3.9 19
1758705443306 3.8 20
1758705454288 3.9 21
1758705465561 3.9 22
1758705476692 3.9 23
1758705487798 3.9 24
1758705498831 3.9 25
1758705509963 4.0 26
1758705521576 4.0 27
1758705533007 4.0 28
1758705544277 4.0 29
1758705555938 4.0 30
1758705568478 3.9 31
1758705579739 3.9 32
1758705591123 4.0 33
1758705602173 3.9 34
1758705613242 3.9 35
1758705624282 4.0 36
1758705635396 4.0 37
1758705646647 4.0 38
1758705657994 4.0 39
1758705669193 4.0 40
1758705680367 4.0 41
1758705691479 3.9 42
1758705702620 3.9 43
1758705713790 3.9 44
1758705724792 3.9 45
1758705735742 3.9 46
1758705749749 3.9 47
1758705761250 3.9 48
1758705772535 4.0 49
1758705783885 4.0 50
1758705795122 4.0 51
1758705806416 3.9 52
1758705817420 3.9 53
1758705828418 4.0 54
