1758703139663 38.1 0
1758703150461 38.1 1
1758703161138 38.2 2
1758703172143 38.2 3
1758703183287 38.2 4
1758703194565 38.2 5
1758703206747 38.2 6
1758703218644 38.2 7
1758703229683 38.2 8
1758703240780 38.2 9
1758703251778 38.2 10
1758703262805 38.2 11
1758703274816 38.2 12
1758703286324 38.2 13
1758703297760 38.2 14
1758703309154 38.2 15
1758703320349 38.2 16
1758703331458 38.2 17
1758703342591 38.2 18
1758703353502 38.2 19
1758703364542 38.2 20
1758703375442 38.2 21
1758703386400 38.2 22
1758703397546 38.2 23
1758703408750 38.2 24
1758703419714 38.2 25
1758703430614 38.2 26
1758703441447 38.2 27
1758703452027 38.2 28
1758703462598 38.2 29
1758703473134 38.2 30
1758703483712 38.2 31
1758703494217 38.2 32
1758703504945 38.2 33
1758703515933 38.2 34
1758703526929 38.2 35
1758703537738 38.2 36
1758703548728 38.2 37
1758703559452 38.2 38
1758703570143 38.2 39
1758703580748 38.2 40
1758703591280 38.2 41
1758703601914 38.2 42
1758703612544 38.2 43
1758703623278 38.2 44
1758703634254 38.2 45
1758703645114 38.2 46
1758703655939 38.2 47
1758703666667 38.2 48
1758703677306 38.2 49
1758703687920 38.2 50
1758703698517 38.2 51
1758703709078 38.2 52
1758703719633 38.2 53
1758703730355 38.2 54
1758703741228 38.2 55
1758703751961 38.2 56
1758703762929 38.2 57
1758703773777 38.2 58
1758703784579 38.2 59
1758703795171 38.2 60
1758703805788 38.2 61
1758703816425 38.2 62
1758703827013 38.2 63
1758703837606 38.2 64
1758703848442 38.2 65
1758703859286 38.2 66
1758703870162 38.2 67
1758703881049 38.2 68
1758703891895 38.2 69
1758703902488 38.2 70
1758703913600 38.2 71
1758703925925 38.2 72
1758703937938 38.2 73
1758703949550 38.2 74
1758703962320 38.2 75
1758703975064 38.2 76
1758703988136 38.2 77
1758704000908 38.2 78
1758704013159 38.2 79
1758704025538 38.2 80
1758704037462 38.2 81
1758704049003 38.2 82
1758704059785 38.2 83
1758704070793 38.2 84
1758704081658 38.2 85
1758704092470 38.2 86
1758704103482 38.2 87
1758704114233 38.2 88
1758704124825 38.2 89
1758704135447 38.2 90
1758704146013 38.2 91
1758704156580 38.2 92
1758704167155 38.2 93
1758704177957 38.2 94
1758704189140 38.2 95
1758704199999 38.2 96
1758704210764 38.2 97
1758704221745 38.2 98
1758704232735 38.2 99
1758704243290 38.2 100
1758704253839 38.2 101
1758704264359 38.2 102
1758704274952 38.2 103
1758704285604 38.2 104
1758704296363 38.2 105
1758704307093 38.2 106
1758704317951 38.2 107
1758704328940 38.2 108
1758704339582 38.2 109
1758704350184 38.2 110
1758704360739 38.2 111
1758704371231 38.2 112
1758704381849 38.2 113
1758704392571 38.2 114
1758704403263 38.2 115
1758704413917 38.2 116
1758704425009 38.2 117
1758704435830 38.2 118
1758704446641 38.2 119
1758704457479 38.2 120
1758704468115 38.2 121
1758704478730 38.2 122
1758704489317 38.2 123
1758704499981 38.2 124
1758704510562 38.2 125
1758704521232 38.2 126
1758704532046 38.2 127
1758704543323 38.2 128
1758704555814 38.2 129
1758704568077 38.2 130
1758704579207 38.2 131
1758704591021 38.2 132
1758704603055 38.2 133
1758704614822 38.2 134
1758704626696 38.2 135
1758704638445 38.2 136
1758704650315 38.2 137
1758704662496 38.2 138
1758704674146 38.2 139
1758704685002 38.2 140
1758704696214 38.2 141
1758704707210 38.2 142
1758704717972 38.2 143
1758704729042 38.2 144
1758704739665 38.2 145
1758704750211 38.2 146
1758704760784 38.2 147
1758704771446 38.2 148
1758704782098 38.2 149
1758704792753 38.2 150
1758704803479 38.2 151
1758704814143 38.2 152
1758704824876 38.2 153
1758704835597 38.2 154
1758704846311 38.2 155
1758704856971 38.2 156
1758704867569 38.2 157
1758704878126 38.2 158
1758704888673 38.2 159
1758704899351 38.2 160
1758704910221 38.2 161
1758704920880 38.2 162
1758704931681 38.2 163
1758704942394 38.2 164
1758704953020 38.2 165
1758704963607 38.2 166
1758704974341 38.2 167
1758704984939 38.2 168
1758704995515 38.2 169
1758705006059 38.2 170
1758705016670 38.2 171
1758705027336 38.2 172
1758705037999 38.2 173
1758705048660 38.2 174
1758705059366 38.2 175
1758705070184 38.2 176
1758705080813 38.2 177
1758705091407 38.2 178
1758705102123 38.2 179
1758705112849 38.2 180
1758705123684 38.2 181
1758705134387 38.2 182
1758705145000 38.2 183
1758705155593 38.2 184
1758705166268 38.2 185
1758705176946 38.2 186
1758705187994 38.2 187
1758705200494 38.2 188
1758705213418 38.2 189
1758705227637 38.2 190
1758705241445 38.2 191
1758705255500 38.2 192
1758705268144 38.2 193
1758705280363 38.2 194
1758705292774 38.2 195
1758705305812 38.2 196
1758705318754 38.2 197
1758705331042 38.2 198
1758705342991 38.2 199
1758705353686 38.2 200
1758705364419 38.2 201
1758705375100 38.2 202
1758705385810 38.2 203
1758705396648 38.2 204
1758705407382 38.2 205
1758705418422 38.2 206
1758705429144 38.2 207
1758705439976 38.2 208
1758705450578 38.2 209
1758705461267 38.2 210
1758705472191 38.2 211
1758705482877 38.2 212
1758705493551 38.2 213
1758705504230 38.2 214
1758705514985 38.2 215
1758705525816 38.2 216
1758705536606 38.2 217
1758705547532 38.2 218
1758705558284 38.2 219
1758705569077 38.2 220
1758705579839 38.2 221
1758705590668 38.2 222
1758705601311 38.2 223
1758705611948 38.2 224
1758705622619 38.2 225
1758705633210 38.2 226
1758705643974 38.2 227
1758705654599 38.2 228
1758705665540 38.2 229
1758705676193 38.2 230
1758705686911 38.2 231
1758705697677 38.2 232
1758705708301 38.2 233
1758705718904 38.2 234
1758705729608 38.2 235
1758705740197 38.2 236
1758705750819 38.2 237
1758705761553 38.2 238
1758705772394 38.2 239
1758705783146 38.2 240
1758705793900 38.2 241
1758705804734 38.2 242
1758705815430 38.2 243
1758705826134 38.2 244
1758705836746 38.2 245
1758705847421 38.2 246
