1758703139663 0.0 0
1758703150461 357.608837 1
1758703161138 1274.877972 2
1758703172143 1274.886462 3
1758703183287 1274.894052 4
1758703194565 1274.904283 5
1758703206747 1274.9182680000001 6
1758703218644 1274.926692 7
1758703229683 1274.934258 8
1758703240780 1274.942898 9
1758703251778 1274.9512320000001 10
1758703262805 1274.959722 11
1758703274816 1274.968278 12
1758703286324 1274.975604 13
1758703297760 1274.982972 14
1758703309154 1274.9903160000001 15
1758703320349 1274.997576 16
1758703331458 1275.011356 17
1758703342591 1275.019698 18
1758703353502 1275.027108 19
1758703364542 1275.034542 20
1758703375442 1275.041802 21
1758703386400 1275.04926 22
1758703397546 1275.056562 23
1758703408750 1275.06393 24
1758703419714 1275.071298 25
1758703430614 1275.0789300000001 26
1758703441447 1275.0865800000001 27
1758703452027 1275.094212 28
1758703462598 1275.101646 29
1758703473134 1275.1091040000001 30
1758703483712 1275.116604 31
1758703494217 1275.124194 32
1758703504945 1275.13176 33
1758703515933 1275.139152 34
1758703526929 1275.146454 35
1758703537738 1275.153846 36
1758703548728 1275.161346 37
1758703559452 1275.168846 38
1758703570143 1275.178003 39
1758703580748 1275.191352 40
1758703591280 1275.198984 41
1758703601914 1275.20655 42
1758703612544 1275.214032 43
1758703623278 1275.2214000000001 44
1758703634254 1275.228834 45
1758703645114 1275.236244 46
1758703655939 1275.243744 47
1758703666667 1275.251376 48
1758703677306 1275.258942 49
1758703687920 1275.266508 50
1758703698517 1275.2740740000002 51
1758703709078 1275.281706 52
1758703719633 1275.289272 53
1758703730355 1275.2966880000001 54
1758703741228 1275.304122 55
1758703751961 1275.3114480000002 56
1758703762929 1275.318816 57
1758703773777 1275.32634 58
1758703784579 1275.333864 59
1758703795171 1275.341364 60
1758703805788 1275.3488220000002 61
1758703816425 1275.3563880000002 62
1758703827013 1275.363888 63
1758703837606 1275.371388 64
1758703848442 1275.3853900000001 65
1758703859286 1275.393714 66
1758703870162 1275.401106 67
1758703881049 1275.4085400000001 68
1758703891895 1275.415866 69
1758703902488 1275.423258 70
1758703913600 1275.441362 71
1758703925925 1275.448688 72
1758703937938 1275.456014 73
1758703949550 1275.4633820000001 74
1758703962320 1275.4706840000001 75
1758703975064 1275.4853540000001 76
1758703988136 1275.492698 77
1758704000908 1275.5 78
1758704013159 1275.507368 79
1758704025538 1275.514736 80
1758704037462 1275.529406 81
1758704049003 1275.536732 82
1758704059785 1275.544124 83
1758704070793 1275.5516 84
1758704081658 1275.559124 85
1758704092470 1275.566624 86
1758704103482 1275.5741480000002 87
1758704114233 1275.58169 88
1758704124825 1275.589214 89
1758704135447 1275.59678 90
1758704146013 1275.6042380000001 91
1758704156580 1275.61172 92
1758704167155 1275.619022 93
1758704177957 1275.626522 94
1758704189140 1275.63398 95
1758704199999 1275.641546 96
1758704210764 1275.6491780000001 97
1758704221745 1275.6567440000001 98
1758704232735 1275.664376 99
1758704243290 1275.678378 100
1758704253839 1275.686942 101
1758704264359 1275.694268 102
1758704274952 1275.7016780000001 103
1758704285604 1275.70907 104
1758704296363 1275.71657 105
1758704307093 1275.7240940000002 106
1758704317951 1275.731552 107
1758704328940 1275.739118 108
1758704339582 1275.746684 109
1758704350184 1275.7541840000001 110
1758704360739 1275.7616 111
1758704371231 1275.7690340000001 112
1758704381849 1275.776444 113
1758704392571 1275.783836 114
1758704403263 1275.791204 115
1758704413917 1275.798794 116
1758704425009 1275.8062280000001 117
1758704435830 1275.813752 118
1758704446641 1275.8211860000001 119
1758704457479 1275.828818 120
1758704468115 1275.836384 121
1758704478730 1275.843866 122
1758704489317 1275.85154 123
1758704499981 1275.8588 124
1758704510562 1275.867941 125
1758704521232 1275.880772 126
1758704532046 1275.888428 127
1758704543323 1275.9065970000001 128
1758704555814 1275.9138990000001 129
1758704568077 1275.921201 130
1758704579207 1275.928461 131
1758704591021 1275.935829 132
1758704603055 1275.943131 133
1758704614822 1275.950433 134
1758704626696 1275.957801 135
1758704638445 1275.972513 136
1758704650315 1275.979881 137
1758704662496 1275.9872070000001 138
1758704674146 1275.994551 139
1758704685002 1276.001811 140
1758704696214 1276.009245 141
1758704707210 1276.016769 142
1758704717972 1276.0244010000001 143
1758704729042 1276.032033 144
1758704739665 1276.039515 145
1758704750211 1276.047015 146
1758704760784 1276.054515 147
1758704771446 1276.062057 148
1758704782098 1276.069671 149
1758704792753 1276.084449 150
1758704803479 1276.091949 151
1758704814143 1276.099449 152
1758704824876 1276.106907 153
1758704835597 1276.114431 154
1758704846311 1276.121889 155
1758704856971 1276.129479 156
1758704867569 1276.137045 157
1758704878126 1276.1444370000002 158
1758704888673 1276.1520030000001 159
1758704899351 1276.159263 160
1758704910221 1276.166565 161
1758704920880 1276.173909 162
1758704931681 1276.181409 163
1758704942394 1276.188867 164
1758704953020 1276.1963250000001 165
1758704963607 1276.203891 166
1758704974341 1276.2113490000002 167
1758704984939 1276.2189150000002 168
1758704995515 1276.226439 169
1758705006059 1276.234005 170
1758705016670 1276.241463 171
1758705027336 1276.2487230000002 172
1758705037999 1276.2560250000001 173
1758705048660 1276.263525 174
1758705059366 1276.2711570000001 175
1758705070184 1276.280464 176
1758705080813 1276.293591 177
1758705091407 1276.301205 178
1758705102123 1276.308729 179
1758705112849 1276.3161870000001 180
1758705123684 1276.323687 181
1758705134387 1276.331187 182
1758705145000 1276.3385130000001 183
1758705155593 1276.345881 184
1758705166268 1276.3532910000001 185
1758705176946 1276.360617 186
1758705187994 1276.367985 187
1758705200494 1276.386185 188
1758705213418 1276.393553 189
1758705227637 1276.400813 190
1758705241445 1276.415501 191
1758705255500 1276.422785 192
1758705268144 1276.430087 193
1758705280363 1276.444889 194
1758705292774 1276.4522570000001 195
1758705305812 1276.459625 196
1758705318754 1276.466969 197
1758705331042 1276.474337 198
1758705342991 1276.4817050000001 199
1758705353686 1276.489139 200
1758705364419 1276.503899 201
1758705375100 1276.511465 202
1758705385810 1276.519055 203
1758705396648 1276.526513 204
1758705407382 1276.534079 205
1758705418422 1276.541537 206
1758705429144 1276.549061 207
1758705439976 1276.556807 208
1758705450578 1276.564241 209
1758705461267 1276.5715910000001 210
1758705472191 1276.578959 211
1758705482877 1276.586285 212
1758705493551 1276.593851 213
1758705504230 1276.6013090000001 214
1758705514985 1276.608941 215
1758705525816 1276.6164410000001 216
1758705536606 1276.623857 217
1758705547532 1276.631249 218
1758705558284 1276.638749 219
1758705569077 1276.6462490000001 220
1758705579839 1276.653509 221
1758705590668 1276.667355 222
1758705601311 1276.6757870000001 223
1758705611948 1276.683287 224
1758705622619 1276.690811 225
1758705633210 1276.698419 226
1758705643974 1276.705943 227
1758705654599 1276.7134250000001 228
1758705665540 1276.720925 229
1758705676193 1276.728317 230
1758705686911 1276.735817 231
1758705697677 1276.743119 232
1758705708301 1276.750487 233
1758705718904 1276.757657 234
1758705729608 1276.765091 235
1758705740197 1276.772723 236
1758705750819 1276.780355 237
1758705761553 1276.787879 238
1758705772394 1276.795487 239
1758705783146 1276.8031190000002 240
1758705793900 1276.810577 241
1758705804734 1276.8181670000001 242
1758705815430 1276.825559 243
1758705826134 1276.8329270000002 244
1758705836746 1276.8401450000001 245
1758705847421 1276.847669 246
