1758703139663 34772.6 0
1758703150461 36380.9 1
1758703161138 36374.3 2
1758703172143 35234.0 3
1758703183287 35301.7 4
1758703194565 35293.6 5
1758703206747 35326.0 6
1758703218644 35365.6 7
1758703229683 36209.6 8
1758703240780 36303.5 9
1758703251778 36345.7 10
1758703262805 36363.5 11
1758703274816 36336.5 12
1758703286324 36360.0 13
1758703297760 36356.7 14
1758703309154 36437.8 15
1758703320349 36458.6 16
1758703331458 36445.2 17
1758703342591 36416.7 18
1758703353502 36489.0 19
1758703364542 36552.5 20
1758703375442 36595.5 21
1758703386400 36532.3 22
1758703397546 36531.1 23
1758703408750 36531.2 24
1758703419714 37180.3 25
1758703430614 37245.1 26
1758703441447 37514.5 27
1758703452027 37492.0 28
1758703462598 37490.4 29
1758703473134 37541.2 30
1758703483712 37557.8 31
1758703494217 38128.5 32
1758703504945 37903.7 33
1758703515933 38048.0 34
1758703526929 38149.0 35
1758703537738 37339.5 36
1758703548728 37481.1 37
1758703559452 37512.4 38
1758703570143 37504.8 39
1758703580748 37546.9 40
1758703591280 37546.9 41
1758703601914 37574.0 42
1758703612544 37621.3 43
1758703623278 37407.7 44
1758703634254 37479.6 45
1758703645114 37502.6 46
1758703655939 37393.2 47
1758703666667 37454.6 48
1758703677306 37485.3 49
1758703687920 37454.4 50
1758703698517 37502.7 51
1758703709078 37495.3 52
1758703719633 37554.9 53
1758703730355 37278.8 54
1758703741228 37516.3 55
1758703751961 37494.0 56
1758703762929 37078.2 57
1758703773777 37176.5 58
1758703784579 37176.0 59
1758703795171 37204.6 60
1758703805788 37239.0 61
1758703816425 37258.1 62
1758703827013 37313.2 63
1758703837606 37213.8 64
1758703848442 37110.9 65
1758703859286 37278.8 66
1758703870162 37322.6 67
1758703881049 40169.9 68
1758703891895 40207.3 69
1758703902488 40216.5 70
1758703913600 41474.7 71
1758703925925 40306.8 72
1758703937938 40354.6 73
1758703949550 40580.9 74
1758703962320 40887.9 75
1758703975064 40879.0 76
1758703988136 40883.2 77
1758704000908 40887.2 78
1758704013159 40897.3 79
1758704025538 40943.3 80
1758704037462 41208.0 81
1758704049003 41230.7 82
1758704059785 41836.2 83
1758704070793 41900.9 84
1758704081658 41891.9 85
1758704092470 41900.8 86
1758704103482 41964.5 87
1758704114233 41916.9 88
1758704124825 41908.4 89
1758704135447 41878.8 90
1758704146013 42022.2 91
1758704156580 41872.6 92
1758704167155 41490.6 93
1758704177957 42010.7 94
1758704189140 42013.5 95
1758704199999 42062.6 96
1758704210764 42060.8 97
1758704221745 42034.9 98
1758704232735 42081.5 99
1758704243290 42131.6 100
1758704253839 41837.4 101
1758704264359 41879.8 102
1758704274952 41905.9 103
1758704285604 41716.2 104
1758704296363 41835.8 105
1758704307093 41925.9 106
1758704317951 41965.4 107
1758704328940 41979.8 108
1758704339582 41993.0 109
1758704350184 42109.9 110
1758704360739 42100.3 111
1758704371231 42067.0 112
1758704381849 42133.5 113
1758704392571 42167.5 114
1758704403263 41816.3 115
1758704413917 41875.5 116
1758704425009 41976.6 117
1758704435830 41505.3 118
1758704446641 41476.8 119
1758704457479 41485.9 120
1758704468115 41622.2 121
1758704478730 41642.1 122
1758704489317 41657.1 123
1758704499981 41738.4 124
1758704510562 41834.0 125
1758704521232 44141.0 126
1758704532046 44210.0 127
1758704543323 45455.8 128
1758704555814 45380.6 129
1758704568077 45437.1 130
1758704579207 45682.9 131
1758704591021 46349.9 132
1758704603055 46400.5 133
1758704614822 46409.6 134
1758704626696 46429.9 135
1758704638445 46498.4 136
1758704650315 46558.8 137
1758704662496 46566.7 138
1758704674146 46633.9 139
1758704685002 46968.1 140
1758704696214 47630.0 141
1758704707210 47758.9 142
1758704717972 47777.6 143
1758704729042 47781.0 144
1758704739665 47921.7 145
1758704750211 47951.4 146
1758704760784 47928.8 147
1758704771446 47331.8 148
1758704782098 47805.6 149
1758704792753 47884.9 150
1758704803479 47568.7 151
1758704814143 48117.2 152
1758704824876 48145.0 153
1758704835597 48236.7 154
1758704846311 48251.3 155
1758704856971 48272.8 156
1758704867569 48289.2 157
1758704878126 48254.9 158
1758704888673 47553.2 159
1758704899351 48082.5 160
1758704910221 48198.9 161
1758704920880 47302.2 162
1758704931681 47853.7 163
1758704942394 48047.1 164
1758704953020 48104.0 165
1758704963607 48130.1 166
1758704974341 48160.0 167
1758704984939 48269.9 168
1758704995515 48264.8 169
1758705006059 47352.2 170
1758705016670 48045.3 171
1758705027336 48311.9 172
1758705037999 47344.3 173
1758705048660 47907.1 174
1758705059366 48156.0 175
1758705070184 48266.5 176
1758705080813 48222.4 177
1758705091407 48239.5 178
1758705102123 48120.6 179
1758705112849 48142.0 180
1758705123684 48134.2 181
1758705134387 47628.9 182
1758705145000 48099.6 183
1758705155593 48113.7 184
1758705166268 48698.1 185
1758705176946 48760.5 186
1758705187994 50000.2 187
1758705200494 50112.6 188
1758705213418 50076.3 189
1758705227637 50069.5 190
1758705241445 50683.7 191
1758705255500 51138.5 192
1758705268144 51168.9 193
1758705280363 51089.1 194
1758705292774 51181.8 195
1758705305812 51194.6 196
1758705318754 51264.1 197
1758705331042 51302.1 198
1758705342991 51339.6 199
1758705353686 52127.3 200
1758705364419 52612.2 201
1758705375100 53053.7 202
1758705385810 53176.8 203
1758705396648 53179.2 204
1758705407382 53234.1 205
1758705418422 53228.1 206
1758705429144 53162.9 207
1758705439976 53114.4 208
1758705450578 52458.4 209
1758705461267 53136.6 210
1758705472191 53504.5 211
1758705482877 52646.6 212
1758705493551 53194.1 213
1758705504230 53422.6 214
1758705514985 53575.8 215
1758705525816 53610.0 216
1758705536606 53631.1 217
1758705547532 53669.2 218
1758705558284 53748.5 219
1758705569077 52765.9 220
1758705579839 53337.0 221
1758705590668 53662.5 222
1758705601311 52820.8 223
1758705611948 53177.0 224
1758705622619 53557.3 225
1758705633210 53569.9 226
1758705643974 53498.7 227
1758705654599 53522.5 228
1758705665540 53550.5 229
1758705676193 53522.6 230
1758705686911 52438.3 231
1758705697677 53052.7 232
1758705708301 53402.9 233
1758705718904 52151.0 234
1758705729608 52845.8 235
1758705740197 53237.3 236
1758705750819 53379.4 237
1758705761553 53433.6 238
1758705772394 53473.6 239
1758705783146 53488.6 240
1758705793900 53610.6 241
1758705804734 52482.7 242
1758705815430 52986.5 243
1758705826134 53497.0 244
1758705836746 56495.3 245
1758705847421 53013.5 246
