1758703403916 0.0 0
1758703404339 0.0 1
1758703404764 0.0 2
1758703405322 0.0 3
1758703405738 0.0 4
1758703406238 0.0 5
1758703406784 0.0 6
1758703408108 0.0 7
1758703408500 0.0 8
1758703408979 0.0 9
1758703409558 0.0 10
1758703410125 0.0 11
1758703411015 0.0 12
1758703411515 0.0 13
1758703412382 0.0 14
1758703412889 0.0 15
1758703413968 0.0 16
1758703414503 0.0 17
1758703415191 0.0 18
1758703415564 0.0 19
1758703416494 0.0 20
1758703416874 0.0 21
1758703417954 0.0 22
1758703418475 0.0 23
1758703419456 0.0 24
1758703419974 0.0 25
1758703420836 0.0 26
1758703422184 0.0 27
1758703422580 0.0 28
1758703423070 0.0 29
1758703423827 0.0 30
1758703424243 0.0 31
1758703425594 0.0 32
1758703426075 0.0 33
1758703427010 0.0 34
1758703427545 0.0 35
1758703428416 0.0 36
1758703428921 0.0 37
1758703429817 0.0 38
1758703430341 0.0 39
1758703431209 0.0 40
1758703431598 0.0 41
1758703432572 0.0 42
1758703433016 0.0 43
1758703433956 0.0 44
1758703434605 0.0 45
1758703435313 0.0 46
1758703435826 0.0 47
1758703436770 0.0 48
1758703437297 0.0 49
1758703438369 0.0 50
1758703438739 0.0 51
1758703439745 0.0 52
1758703440141 0.0 53
1758703441231 0.0 54
1758703441611 0.0 55
1758703442768 0.0 56
1758703443159 0.0 57
1758703444229 0.0 58
1758703444600 0.0 59
1758703445584 0.0 60
1758703445963 0.0 61
1758703447037 0.0 62
1758703447412 0.0 63
1758703448647 0.0 64
1758703449005 0.0 65
1758703450278 0.0 66
1758703450752 0.0 67
1758703451698 0.0 68
1758703452050 0.0 69
1758703453167 0.0 70
1758703453556 0.0 71
1758703454577 0.0 72
1758703455083 0.0 73
1758703456043 0.0 74
1758703456406 0.0 75
1758703457457 0.0 76
1758703457974 0.0 77
1758703458895 0.0 78
1758703459253 0.0 79
1758703460244 0.0 80
1758703460621 0.0 81
1758703461637 0.0 82
1758703461994 0.0 83
1758703463071 0.0 84
1758703463422 0.0 85
1758703464465 0.0 86
1758703464817 0.0 87
1758703465936 0.0 88
1758703466295 0.0 89
1758703467389 0.0 90
1758703467754 0.0 91
1758703468834 0.0 92
1758703469191 0.0 93
1758703470305 0.0 94
1758703470690 0.0 95
1758703471734 0.0 96
1758703472086 0.0 97
1758703473260 0.0 98
1758703473613 0.0 99
1758703474688 0.0 100
1758703475061 0.0 101
1758703476076 0.0 102
1758703476446 0.0 103
1758703477657 0.0 104
1758703478051 0.0 105
1758703479047 0.0 106
1758703479393 0.0 107
1758703481436 0.0 108
1758703481803 0.0 109
1758703482868 0.0 110
1758703483323 0.0 111
1758703484369 0.0 112
1758703484736 0.0 113
1758703485797 0.0 114
1758703486306 0.0 115
1758703487216 0.0 116
1758703487575 0.0 117
1758703488615 0.0 118
1758703488973 0.0 119
1758703519749 0.0 119
1758703520721 0.0 119
1758703523822 1.0 120
1758703524247 1.0 121
1758703525147 1.0 122
1758703525695 1.0 123
1758703526631 1.0 124
1758703527017 1.0 125
1758703528080 1.0 126
1758703528484 1.0 127
1758703529494 1.0 128
1758703529902 1.0 129
1758703530934 1.0 130
1758703531363 1.0 131
1758703532341 1.0 132
1758703532827 1.0 133
1758703533805 1.0 134
1758703534385 1.0 135
1758703535319 1.0 136
1758703535725 1.0 137
1758703536769 1.0 138
1758703537154 1.0 139
1758703538243 1.0 140
1758703538668 1.0 141
1758703539656 1.0 142
1758703540208 1.0 143
1758703541071 1.0 144
1758703541588 1.0 145
1758703542455 1.0 146
1758703542943 1.0 147
1758703543901 1.0 148
1758703544413 1.0 149
1758703545379 1.0 150
1758703545872 1.0 151
1758703546602 1.0 152
1758703547107 1.0 153
1758703547992 1.0 154
1758703548520 1.0 155
1758703549402 1.0 156
1758703549771 1.0 157
1758703550846 1.0 158
1758703551410 1.0 159
1758703552304 1.0 160
1758703552818 1.0 161
1758703553732 1.0 162
1758703554092 1.0 163
1758703555041 1.0 164
1758703555424 1.0 165
1758703556406 1.0 166
1758703556779 1.0 167
1758703557941 1.0 168
1758703558308 1.0 169
1758703559211 1.0 170
1758703559569 1.0 171
1758703560578 1.0 172
1758703560950 1.0 173
1758703562050 1.0 174
1758703562415 1.0 175
1758703563434 1.0 176
1758703563788 1.0 177
1758703564734 1.0 178
1758703565097 1.0 179
1758703566033 1.0 180
1758703566414 1.0 181
1758703567398 1.0 182
1758703567767 1.0 183
1758703568782 1.0 184
1758703569134 1.0 185
1758703570163 1.0 186
1758703570557 1.0 187
1758703571691 1.0 188
1758703572050 1.0 189
1758703573020 1.0 190
1758703573387 1.0 191
1758703574394 1.0 192
1758703574745 1.0 193
1758703575928 1.0 194
1758703576280 1.0 195
1758703577292 1.0 196
1758703577644 1.0 197
1758703578503 1.0 198
1758703578875 1.0 199
1758703579771 1.0 200
1758703580124 1.0 201
1758703581221 1.0 202
1758703581609 1.0 203
1758703582789 1.0 204
1758703583136 1.0 205
1758703584005 1.0 206
1758703584381 1.0 207
1758703585432 1.0 208
1758703585783 1.0 209
1758703586965 1.0 210
1758703587323 1.0 211
1758703588179 1.0 212
1758703588537 1.0 213
1758703589560 1.0 214
1758703589923 1.0 215
1758703590915 1.0 216
1758703591280 1.0 217
1758703592245 1.0 218
1758703592602 1.0 219
1758703593556 1.0 220
1758703593923 1.0 221
1758703594873 1.0 222
1758703595259 1.0 223
1758703596200 1.0 224
1758703596565 1.0 225
1758703597558 1.0 226
1758703598008 1.0 227
1758703598836 1.0 228
1758703599214 1.0 229
1758703600239 1.0 230
1758703600673 1.0 231
1758703601639 1.0 232
1758703602016 1.0 233
1758703603042 1.0 234
1758703603407 1.0 235
1758703604408 1.0 236
1758703604753 1.0 237
1758703605826 1.0 238
1758703606204 1.0 239
1758703633735 1.0 239
1758703634597 1.0 239
1758703637533 2.0 240
1758703638000 2.0 241
1758703638872 2.0 242
1758703639595 2.0 243
1758703640346 2.0 244
1758703640850 2.0 245
1758703641751 2.0 246
1758703642286 2.0 247
1758703643297 2.0 248
1758703643682 2.0 249
1758703644659 2.0 250
1758703645047 2.0 251
1758703646004 2.0 252
1758703646531 2.0 253
1758703647469 2.0 254
1758703647934 2.0 255
1758703648836 2.0 256
1758703649208 2.0 257
1758703650267 2.0 258
1758703650646 2.0 259
1758703651626 2.0 260
1758703652086 2.0 261
1758703653033 2.0 262
1758703653457 2.0 263
1758703654402 2.0 264
1758703654796 2.0 265
1758703655760 2.0 266
1758703656197 2.0 267
1758703657060 2.0 268
1758703657435 2.0 269
1758703658452 2.0 270
1758703658970 2.0 271
1758703659829 2.0 272
1758703660241 2.0 273
1758703661284 2.0 274
1758703661773 2.0 275
1758703662605 2.0 276
1758703663094 2.0 277
1758703663931 2.0 278
1758703664367 2.0 279
1758703665193 2.0 280
1758703665653 2.0 281
1758703666518 2.0 282
1758703666901 2.0 283
1758703667907 2.0 284
1758703668366 2.0 285
1758703669211 2.0 286
1758703669573 2.0 287
1758703670601 2.0 288
1758703671057 2.0 289
1758703672046 2.0 290
1758703672403 2.0 291
1758703673359 2.0 292
1758703673732 2.0 293
1758703674512 2.0 294
1758703675005 2.0 295
1758703675884 2.0 296
1758703676394 2.0 297
1758703677254 2.0 298
1758703677732 2.0 299
1758703678624 2.0 300
1758703679115 2.0 301
1758703679971 2.0 302
1758703680345 2.0 303
1758703681384 2.0 304
1758703681857 2.0 305
1758703682793 2.0 306
1758703683145 2.0 307
1758703684262 2.0 308
1758703684795 2.0 309
1758703685775 2.0 310
1758703686170 2.0 311
1758703686973 2.0 312
1758703687443 2.0 313
1758703688426 2.0 314
1758703688801 2.0 315
1758703689677 2.0 316
1758703690190 2.0 317
1758703691261 2.0 318
1758703691625 2.0 319
1758703692453 2.0 320
1758703692855 2.0 321
1758703693837 2.0 322
1758703694201 2.0 323
1758703695161 2.0 324
1758703695660 2.0 325
1758703696522 2.0 326
1758703697014 2.0 327
1758703697861 2.0 328
1758703698214 2.0 329
1758703699152 2.0 330
1758703699501 2.0 331
1758703700550 2.0 332
1758703701004 2.0 333
1758703701867 2.0 334
1758703702240 2.0 335
1758703703364 2.0 336
1758703703744 2.0 337
1758703704813 2.0 338
1758703705333 2.0 339
1758703706173 2.0 340
1758703706569 2.0 341
1758703707549 2.0 342
1758703707921 2.0 343
1758703708962 2.0 344
1758703709318 2.0 345
1758703710296 2.0 346
1758703710649 2.0 347
1758703711820 2.0 348
1758703712176 2.0 349
1758703713018 2.0 350
1758703713365 2.0 351
1758703714363 2.0 352
1758703714731 2.0 353
1758703715709 2.0 354
1758703716186 2.0 355
1758703717090 2.0 356
1758703717566 2.0 357
1758703718639 2.0 358
1758703719066 2.0 359
1758703747694 2.0 359
1758703748952 2.0 359
1758703752037 3.0 360
1758703752555 3.0 361
1758703753265 3.0 362
1758703753649 3.0 363
1758703754658 3.0 364
1758703755194 3.0 365
1758703756114 3.0 366
1758703756515 3.0 367
1758703757608 3.0 368
1758703758126 3.0 369
1758703758908 3.0 370
1758703759447 3.0 371
1758703760325 3.0 372
1758703760794 3.0 373
1758703761846 3.0 374
1758703762260 3.0 375
1758703763079 3.0 376
1758703763563 3.0 377
1758703764445 3.0 378
1758703764893 3.0 379
1758703766033 3.0 380
1758703766448 3.0 381
1758703767276 3.0 382
1758703767685 3.0 383
1758703768625 3.0 384
1758703768997 3.0 385
1758703769979 3.0 386
1758703770384 3.0 387
1758703771330 3.0 388
1758703771803 3.0 389
1758703772634 3.0 390
1758703773293 3.0 391
1758703774164 3.0 392
1758703774638 3.0 393
1758703775548 3.0 394
1758703776055 3.0 395
1758703776747 3.0 396
1758703777127 3.0 397
1758703778100 3.0 398
1758703778603 3.0 399
1758703779709 3.0 400
1758703780093 3.0 401
1758703780937 3.0 402
1758703781407 3.0 403
1758703782262 3.0 404
1758703782635 3.0 405
1758703783620 3.0 406
1758703783979 3.0 407
1758703785018 3.0 408
1758703785382 3.0 409
1758703786353 3.0 410
1758703786866 3.0 411
1758703787875 3.0 412
1758703788247 3.0 413
1758703789263 3.0 414
1758703789632 3.0 415
1758703790628 3.0 416
1758703790997 3.0 417
1758703791975 3.0 418
1758703792329 3.0 419
1758703793150 3.0 420
1758703793497 3.0 421
1758703794499 3.0 422
1758703794956 3.0 423
1758703795970 3.0 424
1758703796332 3.0 425
1758703797201 3.0 426
1758703797565 3.0 427
1758703798605 3.0 428
1758703799059 3.0 429
1758703799948 3.0 430
1758703800438 3.0 431
1758703801303 3.0 432
1758703801669 3.0 433
1758703802743 3.0 434
1758703803106 3.0 435
1758703804168 3.0 436
1758703804654 3.0 437
1758703805581 3.0 438
1758703806006 3.0 439
1758703807099 3.0 440
1758703807454 3.0 441
1758703808399 3.0 442
1758703808751 3.0 443
1758703810033 3.0 444
1758703810413 3.0 445
1758703811316 3.0 446
1758703811674 3.0 447
1758703812745 3.0 448
1758703813132 3.0 449
1758703814114 3.0 450
1758703814504 3.0 451
1758703815570 3.0 452
1758703815923 3.0 453
1758703816965 3.0 454
1758703817324 3.0 455
1758703818457 3.0 456
1758703818826 3.0 457
1758703819798 3.0 458
1758703820172 3.0 459
1758703821291 3.0 460
1758703821642 3.0 461
1758703822814 3.0 462
1758703823166 3.0 463
1758703823936 3.0 464
1758703824415 3.0 465
1758703825293 3.0 466
1758703825653 3.0 467
1758703826770 3.0 468
1758703827276 3.0 469
1758703828150 3.0 470
1758703828532 3.0 471
1758703829735 3.0 472
1758703830091 3.0 473
1758703831132 3.0 474
1758703831486 3.0 475
1758703832520 3.0 476
1758703832913 3.0 477
1758703833887 3.0 478
1758703834324 3.0 479
1758703864322 3.0 479
1758703865265 3.0 479
