1758703159219 0.0 0
1758703171345 3.3 1
1758703183228 4.0 2
1758703197206 2.9 3
1758703211029 3.5 4
1758703221895 3.4 5
1758703233864 3.5 6
1758703245413 3.1 7
1758703257280 4.0 8
1758703268965 3.4 9
1758703280814 2.5 10
1758703293245 4.3 11
1758703305915 3.2 12
1758703318677 3.1 13
1758703330711 4.3 14
1758703342269 2.6 15
1758703353916 3.3 16
1758703365667 4.1 17
1758703377098 3.0 18
1758703388949 3.4 19
1758703401040 3.5 20
1758703412519 3.4 21
1758703423748 5.0 22
1758703435368 3.4 23
1758703446689 3.7 24
1758703457602 4.3 25
1758703468449 3.6 26
1758703479339 4.0 27
1758703490290 3.9 28
1758703501587 3.9 29
1758703513086 3.4 30
1758703525024 3.8 31
1758703536682 3.3 32
1758703548328 3.4 33
1758703559577 3.8 34
1758703570823 4.8 35
1758703581896 2.9 36
1758703592923 3.7 37
1758703603933 4.8 38
1758703615105 3.4 39
1758703626658 3.6 40
1758703638003 3.9 41
1758703649596 3.4 42
1758703661137 4.7 43
1758703672461 3.4 44
1758703683500 3.7 45
1758703694700 4.7 46
1758703705734 3.2 47
1758703716831 3.6 48
1758703728086 3.4 49
1758703739745 4.9 50
1758703751765 3.5 51
1758703763564 3.5 52
1758703775279 3.7 53
1758703786439 3.5 54
1758703797502 4.9 55
1758703808536 3.8 56
1758703819508 3.0 57
1758703830506 3.8 58
1758703841602 4.8 59
1758703852820 2.8 60
1758703864231 3.6 61
