1758703159219 1977404.7 0
1758703171345 1977404.7 1
1758703183228 1977409.2 2
1758703197206 1977412.5 3
1758703211029 1977412.5 4
1758703221895 1977412.5 5
1758703233864 1977412.5 6
1758703245413 1977412.5 7
1758703257280 1977412.5 8
1758703268965 1977412.5 9
1758703280814 1977412.5 10
1758703293245 1977412.5 11
1758703305915 1977412.5 12
1758703318677 1977412.5 13
1758703330711 1977412.5 14
1758703342269 1977412.5 15
1758703353916 1977412.5 16
1758703365667 1977412.5 17
1758703377098 1977412.5 18
1758703388949 1977412.5 19
1758703401040 1977412.5 20
1758703412519 1977412.5 21
1758703423748 1977412.5 22
1758703435368 1977412.5 23
1758703446689 1977412.5 24
1758703457602 1977468.8 25
1758703468449 1977468.8 26
1758703479339 1977468.8 27
1758703490290 1977468.8 28
1758703501587 1977468.8 29
1758703513086 1977468.8 30
1758703525024 1977468.8 31
1758703536682 1977468.8 32
1758703548328 1977468.8 33
1758703559577 1977468.8 34
1758703570823 1977468.8 35
1758703581896 1977468.8 36
1758703592923 1977468.8 37
1758703603933 1977468.8 38
1758703615105 1977468.8 39
1758703626658 1977468.8 40
1758703638003 1977468.8 41
1758703649596 1977468.8 42
1758703661137 1977468.8 43
1758703672461 1977468.8 44
1758703683500 1977468.8 45
1758703694700 1977468.8 46
1758703705734 1977468.8 47
1758703716831 1977468.8 48
1758703728086 1977468.8 49
1758703739745 1977468.8 50
1758703751765 1977468.8 51
1758703763564 1977468.8 52
1758703775279 1977468.8 53
1758703786439 1977468.8 54
1758703797502 1977468.8 55
1758703808536 1977468.8 56
1758703819508 1977468.8 57
1758703830506 1977468.8 58
1758703841602 1977468.8 59
1758703852820 1977468.8 60
1758703864231 1977468.8 61
