1758703159219 0.0 0
1758703171345 0.006781000000000148 1
1758703183228 0.012652000000000996 2
1758703197206 0.02261000000000024 3
1758703211029 0.02924100000000074 4
1758703221895 0.035199000000000424 5
1758703233864 0.04084600000000016 6
1758703245413 0.0457010000000011 7
1758703257280 0.05198700000000045 8
1758703268965 0.0642150000000008 9
1758703280814 0.07147900000000007 10
1758703293245 0.07657800000000137 11
1758703305915 0.08161100000000054 12
1758703318677 0.08670900000000081 13
1758703330711 0.09187499999999993 14
1758703342269 0.09882400000000047 15
1758703353916 0.10608799999999974 16
1758703365667 0.11112000000000144 17
1758703377098 0.11621799999999993 18
1758703388949 0.1213160000000002 19
1758703401040 0.12634800000000013 20
1758703412519 0.13080599999999976 21
1758703423748 0.13769200000000126 22
1758703435368 0.15237100000000048 23
1758703446689 0.16627800000000015 24
1758703457602 0.1929420000000004 25
1758703468449 0.20627300000000126 26
1758703479339 0.21953700000000076 27
1758703490290 0.23305299999999995 28
1758703501587 0.24638200000000055 29
1758703513086 0.252694 30
1758703525024 0.2577259999999999 31
1758703536682 0.26282400000000017 32
1758703548328 0.2744340000000012 33
1758703559577 0.28770000000000095 34
1758703570823 0.3140850000000004 35
1758703581896 0.3276280000000007 36
1758703592923 0.3423040000000004 37
1758703603933 0.35570000000000057 38
1758703615105 0.3703120000000002 39
1758703626658 0.3800650000000001 40
1758703638003 0.38516300000000037 41
1758703649596 0.39026100000000064 42
1758703661137 0.401231000000001 43
1758703672461 0.415204000000001 44
1758703683500 0.4291110000000007 45
1758703694700 0.4563500000000005 46
1758703705734 0.4697469999999999 47
1758703716831 0.48436000000000057 48
1758703728086 0.49820000000000064 49
1758703739745 0.5074470000000009 50
1758703751765 0.5125450000000011 51
1758703763564 0.5176430000000014 52
1758703775279 0.5281060000000011 53
1758703786439 0.5414380000000012 54
1758703797502 0.5690390000000001 55
1758703808536 0.5831569999999999 56
1758703819508 0.5964229999999997 57
1758703830506 0.6102640000000008 58
1758703841602 0.6241040000000009 59
1758703852820 0.6345660000000013 60
1758703864231 0.6395980000000012 61
