1758703159219 0.0 0
1758703171345 0.008094000000028245 1
1758703183228 0.01608000000010179 2
1758703197206 0.03100599999993392 3
1758703211029 0.04049400000008063 4
1758703221895 0.04872000000000298 5
1758703233864 0.05720999999994092 6
1758703245413 0.06492600000001403 7
1758703257280 0.0734580000000733 8
1758703268965 0.08468700000003082 9
1758703280814 0.09763199999997596 10
1758703293245 0.10500000000001819 11
1758703305915 0.11234400000012101 12
1758703318677 0.11960399999998117 13
1758703330711 0.1269720000000234 14
1758703342269 0.1361730000000989 15
1758703353916 0.1491359999999986 16
1758703365667 0.15657000000010157 17
1758703377098 0.16382999999996173 18
1758703388949 0.1712880000000041 19
1758703401040 0.1785899999999856 20
1758703412519 0.18595800000002782 21
1758703423748 0.19332600000007005 22
1758703435368 0.20095800000012787 23
1758703446689 0.20860800000014024 24
1758703457602 0.22367400000007365 25
1758703468449 0.23113200000011602 26
1758703479339 0.23863200000005236 27
1758703490290 0.24622199999998884 28
1758703501587 0.2537879999999859 29
1758703513086 0.26117999999996755 30
1758703525024 0.26848199999994904 31
1758703536682 0.2758739999999307 32
1758703548328 0.2833740000000944 33
1758703559577 0.2908740000000307 34
1758703570823 0.3047260000000733 35
1758703581896 0.31338000000005195 36
1758703592923 0.32101200000010977 37
1758703603933 0.32857800000010684 38
1758703615105 0.3360600000000886 39
1758703626658 0.34342800000013085 40
1758703638003 0.35086200000000645 41
1758703649596 0.35827199999994264 42
1758703661137 0.36577200000010635 43
1758703672461 0.3734039999999368 44
1758703683500 0.38096999999993386 45
1758703694700 0.3961020000001554 46
1758703705734 0.4037339999999858 47
1758703716831 0.4112999999999829 48
1758703728086 0.4187160000001313 49
1758703739745 0.4261500000000069 50
1758703751765 0.4334760000001552 51
1758703763564 0.44084399999997004 52
1758703775279 0.44836800000007315 53
1758703786439 0.4558919999999489 54
1758703797502 0.4697200000000521 55
1758703808536 0.47841600000015205 56
1758703819508 0.4859160000000884 57
1758703830506 0.4934160000000247 58
1758703841602 0.5009580000000824 59
1758703852820 0.5084819999999581 60
1758703864231 0.5157420000000457 61
