1758703159219 36204.6 0
1758703171345 35194.8 1
1758703183228 35282.9 2
1758703197206 35295.3 3
1758703211029 35340.6 4
1758703221895 35415.0 5
1758703233864 36245.9 6
1758703245413 36301.6 7
1758703257280 36381.7 8
1758703268965 36362.2 9
1758703280814 36368.5 10
1758703293245 36360.2 11
1758703305915 36409.5 12
1758703318677 36437.5 13
1758703330711 36431.4 14
1758703342269 36430.4 15
1758703353916 36487.7 16
1758703365667 36540.9 17
1758703377098 36584.6 18
1758703388949 36546.9 19
1758703401040 36570.7 20
1758703412519 36807.2 21
1758703423748 37198.3 22
1758703435368 37544.8 23
1758703446689 37513.0 24
1758703457602 37506.4 25
1758703468449 37533.3 26
1758703479339 37552.8 27
1758703490290 37960.7 28
1758703501587 37837.6 29
1758703513086 38022.9 30
1758703525024 38085.4 31
1758703536682 37254.2 32
1758703548328 37483.3 33
1758703559577 37510.9 34
1758703570823 37504.8 35
1758703581896 37559.1 36
1758703592923 37524.4 37
1758703603933 37533.6 38
1758703615105 37611.1 39
1758703626658 37442.9 40
1758703638003 37499.9 41
1758703649596 37185.1 42
1758703661137 37466.8 43
1758703672461 37527.8 44
1758703683500 37443.4 45
1758703694700 37516.1 46
1758703705734 37470.2 47
1758703716831 37514.0 48
1758703728086 37591.0 49
1758703739745 37467.4 50
1758703751765 37456.1 51
1758703763564 37064.5 52
1758703775279 37192.3 53
1758703786439 37178.8 54
1758703797502 37218.6 55
1758703808536 37262.8 56
1758703819508 37262.8 57
1758703830506 37282.1 58
1758703841602 37244.5 59
1758703852820 37215.0 60
1758703864231 37291.7 61
