1758703159219 2.7 0
1758703171345 2.6 1
1758703183228 2.6 2
1758703197206 2.6 3
1758703211029 2.6 4
1758703221895 2.6 5
1758703233864 2.7 6
1758703245413 2.7 7
1758703257280 2.7 8
1758703268965 2.7 9
1758703280814 2.7 10
1758703293245 2.7 11
1758703305915 2.7 12
1758703318677 2.7 13
1758703330711 2.7 14
1758703342269 2.7 15
1758703353916 2.7 16
1758703365667 2.7 17
1758703377098 2.7 18
1758703388949 2.7 19
1758703401040 2.7 20
1758703412519 2.7 21
1758703423748 2.7 22
1758703435368 2.8 23
1758703446689 2.8 24
1758703457602 2.8 25
1758703468449 2.8 26
1758703479339 2.8 27
1758703490290 2.8 28
1758703501587 2.8 29
1758703513086 2.8 30
1758703525024 2.8 31
1758703536682 2.8 32
1758703548328 2.8 33
1758703559577 2.8 34
1758703570823 2.8 35
1758703581896 2.8 36
1758703592923 2.8 37
1758703603933 2.8 38
1758703615105 2.8 39
1758703626658 2.8 40
1758703638003 2.8 41
1758703649596 2.7 42
1758703661137 2.8 43
1758703672461 2.8 44
1758703683500 2.8 45
1758703694700 2.8 46
1758703705734 2.8 47
1758703716831 2.8 48
1758703728086 2.8 49
1758703739745 2.8 50
1758703751765 2.8 51
1758703763564 2.7 52
1758703775279 2.7 53
1758703786439 2.7 54
1758703797502 2.8 55
1758703808536 2.8 56
1758703819508 2.8 57
1758703830506 2.8 58
1758703841602 2.8 59
1758703852820 2.8 60
1758703864231 2.8 61
