1758705342504 0.0 0
1758705342998 0.0 1
1758705343766 0.0 2
1758705344128 0.0 3
1758705345324 0.0 4
1758705345728 0.0 5
1758705346551 0.0 6
1758705347053 0.0 7
1758705347913 0.0 8
1758705348282 0.0 9
1758705349249 0.0 10
1758705349743 0.0 11
1758705350647 0.0 12
1758705351059 0.0 13
1758705352091 0.0 14
1758705352538 0.0 15
1758705353515 0.0 16
1758705353875 0.0 17
1758705354911 0.0 18
1758705355267 0.0 19
1758705356256 0.0 20
1758705356697 0.0 21
1758705357602 0.0 22
1758705357961 0.0 23
1758705359060 0.0 24
1758705359543 0.0 25
1758705360474 0.0 26
1758705360837 0.0 27
1758705362160 0.0 28
1758705362616 0.0 29
1758705363547 0.0 30
1758705364073 0.0 31
1758705364920 0.0 32
1758705365277 0.0 33
1758705366286 0.0 34
1758705366708 0.0 35
1758705367692 0.0 36
1758705368128 0.0 37
1758705369441 0.0 38
1758705369885 0.0 39
1758705370768 0.0 40
1758705371281 0.0 41
1758705372333 0.0 42
1758705372861 0.0 43
1758705373894 0.0 44
1758705374347 0.0 45
1758705375488 0.0 46
1758705375942 0.0 47
1758705376858 0.0 48
1758705377217 0.0 49
1758705378444 0.0 50
1758705378805 0.0 51
1758705379937 0.0 52
1758705380301 0.0 53
1758705381419 0.0 54
1758705381783 0.0 55
1758705382906 0.0 56
1758705383290 0.0 57
1758705384390 0.0 58
1758705384776 0.0 59
1758705385832 0.0 60
1758705386257 0.0 61
1758705387346 0.0 62
1758705387738 0.0 63
1758705388901 0.0 64
1758705389456 0.0 65
1758705390479 0.0 66
1758705390850 0.0 67
1758705392260 0.0 68
1758705392643 0.0 69
1758705393716 0.0 70
1758705394120 0.0 71
1758705395475 0.0 72
1758705395891 0.0 73
1758705397004 0.0 74
1758705397529 0.0 75
1758705398429 0.0 76
1758705399065 0.0 77
1758705400027 0.0 78
1758705400524 0.0 79
1758705401705 0.0 80
1758705402097 0.0 81
1758705403330 0.0 82
1758705403699 0.0 83
1758705404742 0.0 84
1758705405276 0.0 85
1758705406289 0.0 86
1758705406683 0.0 87
1758705407977 0.0 88
1758705408493 0.0 89
1758705409525 0.0 90
1758705409876 0.0 91
1758705410985 0.0 92
1758705411458 0.0 93
1758705412476 0.0 94
1758705413001 0.0 95
1758705414057 0.0 96
1758705414517 0.0 97
1758705415409 0.0 98
1758705415822 0.0 99
1758705416864 0.0 100
1758705417239 0.0 101
1758705418218 0.0 102
1758705418639 0.0 103
1758705419706 0.0 104
1758705420091 0.0 105
1758705421229 0.0 106
1758705421738 0.0 107
1758705422765 0.0 108
1758705423148 0.0 109
1758705424272 0.0 110
1758705424665 0.0 111
1758705425490 0.0 112
1758705425873 0.0 113
1758705426982 0.0 114
1758705427539 0.0 115
1758705428638 0.0 116
1758705429115 0.0 117
1758705430107 0.0 118
1758705430574 0.0 119
1758705460321 0.0 119
1758705460976 0.0 119
1758705464058 1.0 120
1758705464428 1.0 121
1758705465293 1.0 122
1758705465670 1.0 123
1758705466654 1.0 124
1758705467026 1.0 125
1758705468022 1.0 126
1758705468515 1.0 127
1758705469341 1.0 128
1758705469723 1.0 129
1758705470748 1.0 130
1758705471223 1.0 131
1758705472169 1.0 132
1758705472679 1.0 133
1758705473601 1.0 134
1758705473960 1.0 135
1758705474999 1.0 136
1758705475364 1.0 137
1758705476329 1.0 138
1758705476818 1.0 139
1758705477689 1.0 140
1758705478076 1.0 141
1758705478967 1.0 142
1758705479371 1.0 143
1758705480518 1.0 144
1758705480888 1.0 145
1758705481758 1.0 146
1758705482132 1.0 147
1758705483041 1.0 148
1758705483470 1.0 149
1758705484561 1.0 150
1758705484928 1.0 151
1758705485821 1.0 152
1758705486182 1.0 153
1758705487136 1.0 154
1758705487602 1.0 155
1758705488442 1.0 156
1758705488905 1.0 157
1758705489807 1.0 158
1758705490177 1.0 159
1758705491194 1.0 160
1758705491584 1.0 161
1758705492569 1.0 162
1758705492949 1.0 163
1758705494022 1.0 164
1758705494398 1.0 165
1758705495360 1.0 166
1758705495734 1.0 167
1758705496706 1.0 168
1758705497083 1.0 169
1758705498105 1.0 170
1758705498461 1.0 171
1758705499533 1.0 172
1758705500054 1.0 173
1758705501026 1.0 174
1758705501565 1.0 175
1758705502607 1.0 176
1758705502966 1.0 177
1758705503982 1.0 178
1758705504409 1.0 179
1758705505483 1.0 180
1758705505851 1.0 181
1758705506696 1.0 182
1758705507067 1.0 183
1758705507986 1.0 184
1758705508351 1.0 185
1758705509326 1.0 186
1758705509823 1.0 187
1758705510745 1.0 188
1758705511189 1.0 189
1758705512292 1.0 190
1758705512837 1.0 191
1758705513753 1.0 192
1758705514134 1.0 193
1758705515062 1.0 194
1758705515986 1.0 195
1758705516512 1.0 196
1758705517819 1.0 197
1758705518434 1.0 198
1758705519578 1.0 199
1758705519954 1.0 200
1758705520863 1.0 201
1758705521420 1.0 202
1758705522377 1.0 203
1758705522834 1.0 204
1758705523920 1.0 205
1758705524274 1.0 206
1758705525265 1.0 207
1758705525707 1.0 208
1758705527036 1.0 209
1758705527417 1.0 210
1758705528233 1.0 211
1758705528728 1.0 212
1758705529669 1.0 213
1758705530055 1.0 214
1758705531179 1.0 215
1758705531714 1.0 216
1758705532788 1.0 217
1758705533267 1.0 218
1758705534368 1.0 219
1758705534860 1.0 220
1758705535794 1.0 221
1758705536320 1.0 222
1758705537263 1.0 223
1758705537812 1.0 224
1758705538697 1.0 225
1758705539219 1.0 226
1758705540176 1.0 227
1758705540659 1.0 228
1758705541882 1.0 229
1758705542419 1.0 230
1758705543501 1.0 231
1758705544237 1.0 232
1758705545439 1.0 233
1758705545849 1.0 234
1758705547076 1.0 235
1758705547568 1.0 236
1758705548512 1.0 237
1758705548912 1.0 238
1758705549593 1.0 239
1758705580966 1.0 239
1758705581641 1.0 239
1758705584686 2.0 240
1758705585208 2.0 241
1758705586007 2.0 242
1758705586371 2.0 243
1758705587574 2.0 244
1758705587967 2.0 245
1758705588843 2.0 246
1758705589201 2.0 247
1758705590285 2.0 248
1758705590810 2.0 249
1758705591897 2.0 250
1758705592256 2.0 251
1758705593148 2.0 252
1758705593527 2.0 253
1758705594534 2.0 254
1758705595018 2.0 255
1758705595881 2.0 256
1758705596394 2.0 257
1758705597313 2.0 258
1758705597851 2.0 259
1758705598761 2.0 260
1758705599221 2.0 261
1758705600138 2.0 262
1758705600614 2.0 263
1758705601506 2.0 264
1758705601990 2.0 265
1758705602814 2.0 266
1758705603292 2.0 267
1758705604352 2.0 268
1758705604732 2.0 269
1758705605613 2.0 270
1758705605984 2.0 271
1758705607023 2.0 272
1758705607522 2.0 273
1758705608392 2.0 274
1758705608868 2.0 275
1758705609736 2.0 276
1758705610229 2.0 277
1758705611149 2.0 278
1758705611627 2.0 279
1758705612448 2.0 280
1758705612934 2.0 281
1758705613742 2.0 282
1758705614227 2.0 283
1758705615116 2.0 284
1758705615612 2.0 285
1758705616497 2.0 286
1758705617002 2.0 287
1758705617888 2.0 288
1758705618283 2.0 289
1758705619324 2.0 290
1758705619817 2.0 291
1758705620673 2.0 292
1758705621159 2.0 293
1758705622061 2.0 294
1758705622522 2.0 295
1758705623424 2.0 296
1758705623899 2.0 297
1758705624837 2.0 298
1758705625321 2.0 299
1758705626234 2.0 300
1758705626687 2.0 301
1758705627577 2.0 302
1758705628079 2.0 303
1758705628941 2.0 304
1758705629423 2.0 305
1758705630378 2.0 306
1758705630820 2.0 307
1758705631847 2.0 308
1758705632229 2.0 309
1758705633008 2.0 310
1758705633385 2.0 311
1758705635113 2.0 312
1758705635467 2.0 313
1758705636289 2.0 314
1758705636654 2.0 315
1758705637541 2.0 316
1758705638188 2.0 317
1758705639170 2.0 318
1758705639680 2.0 319
1758705640540 2.0 320
1758705641018 2.0 321
1758705641952 2.0 322
1758705642433 2.0 323
1758705643421 2.0 324
1758705643862 2.0 325
1758705644968 2.0 326
1758705645441 2.0 327
1758705646566 2.0 328
1758705647044 2.0 329
1758705648047 2.0 330
1758705648422 2.0 331
1758705649525 2.0 332
1758705649882 2.0 333
1758705651164 2.0 334
1758705651684 2.0 335
1758705652787 2.0 336
1758705653180 2.0 337
1758705654218 2.0 338
1758705654694 2.0 339
1758705655648 2.0 340
1758705656121 2.0 341
1758705657072 2.0 342
1758705657564 2.0 343
1758705658661 2.0 344
1758705659143 2.0 345
1758705660360 2.0 346
1758705660785 2.0 347
1758705662199 2.0 348
1758705662706 2.0 349
1758705663618 2.0 350
1758705664036 2.0 351
1758705665435 2.0 352
1758705666040 2.0 353
1758705666979 2.0 354
1758705667456 2.0 355
1758705668362 2.0 356
1758705668775 2.0 357
1758705669878 2.0 358
1758705670256 2.0 359
1758705702397 2.0 359
1758705703182 2.0 359
1758705706406 3.0 360
1758705706778 3.0 361
1758705707679 3.0 362
1758705708167 3.0 363
1758705709086 3.0 364
1758705709454 3.0 365
1758705710448 3.0 366
1758705710913 3.0 367
1758705711838 3.0 368
1758705712337 3.0 369
1758705713259 3.0 370
1758705713757 3.0 371
1758705714650 3.0 372
1758705715171 3.0 373
1758705716087 3.0 374
1758705716467 3.0 375
1758705717517 3.0 376
1758705718031 3.0 377
1758705718920 3.0 378
1758705719375 3.0 379
1758705720393 3.0 380
1758705720841 3.0 381
1758705721686 3.0 382
1758705722159 3.0 383
1758705723080 3.0 384
1758705723742 3.0 385
1758705724613 3.0 386
1758705725105 3.0 387
1758705725978 3.0 388
1758705726357 3.0 389
1758705727363 3.0 390
1758705727870 3.0 391
1758705728811 3.0 392
1758705729307 3.0 393
1758705730207 3.0 394
1758705730702 3.0 395
1758705731618 3.0 396
1758705732099 3.0 397
1758705733064 3.0 398
1758705733419 3.0 399
1758705734448 3.0 400
1758705734905 3.0 401
1758705735762 3.0 402
1758705736237 3.0 403
1758705737083 3.0 404
1758705737542 3.0 405
1758705738403 3.0 406
1758705738759 3.0 407
1758705739706 3.0 408
1758705740089 3.0 409
1758705740988 3.0 410
1758705741436 3.0 411
1758705742299 3.0 412
1758705742658 3.0 413
1758705743630 3.0 414
1758705743995 3.0 415
1758705745194 3.0 416
1758705745583 3.0 417
1758705746451 3.0 418
1758705746914 3.0 419
1758705747755 3.0 420
1758705748198 3.0 421
1758705748996 3.0 422
1758705749361 3.0 423
1758705750292 3.0 424
1758705750678 3.0 425
1758705751656 3.0 426
1758705752032 3.0 427
1758705752935 3.0 428
1758705753407 3.0 429
1758705754317 3.0 430
1758705754713 3.0 431
1758705755678 3.0 432
1758705756070 3.0 433
1758705757073 3.0 434
1758705757555 3.0 435
1758705758412 3.0 436
1758705758877 3.0 437
1758705759798 3.0 438
1758705760319 3.0 439
1758705761313 3.0 440
1758705761813 3.0 441
1758705762749 3.0 442
1758705763207 3.0 443
1758705764127 3.0 444
1758705764652 3.0 445
1758705765488 3.0 446
1758705766009 3.0 447
1758705767192 3.0 448
1758705767583 3.0 449
1758705768496 3.0 450
1758705768869 3.0 451
1758705770071 3.0 452
1758705770588 3.0 453
1758705771716 3.0 454
1758705772203 3.0 455
1758705773133 3.0 456
1758705773524 3.0 457
1758705774617 3.0 458
1758705775133 3.0 459
1758705776051 3.0 460
1758705776532 3.0 461
1758705777533 3.0 462
1758705778054 3.0 463
1758705778973 3.0 464
1758705779546 3.0 465
1758705780569 3.0 466
1758705781174 3.0 467
1758705782219 3.0 468
1758705782642 3.0 469
1758705783724 3.0 470
1758705784118 3.0 471
1758705785402 3.0 472
1758705785929 3.0 473
1758705787194 3.0 474
1758705787602 3.0 475
1758705788640 3.0 476
1758705789045 3.0 477
1758705790212 3.0 478
1758705790583 3.0 479
1758705822053 3.0 479
1758705822890 3.0 479
