1758703139663 0.0 0
1758703150461 4.6 1
1758703161138 3.8 2
1758703172143 3.1 3
1758703183287 4.2 4
1758703194565 2.9 5
1758703206747 3.4 6
1758703218644 3.7 7
1758703229683 3.7 8
1758703240780 3.2 9
1758703251778 3.6 10
1758703262805 3.3 11
1758703274816 3.2 12
1758703286324 4.0 13
1758703297760 3.3 14
1758703309154 2.6 15
1758703320349 3.6 16
1758703331458 4.4 17
1758703342591 2.5 18
1758703353502 3.3 19
1758703364542 4.2 20
1758703375442 2.9 21
1758703386400 3.3 22
1758703397546 3.7 23
1758703408750 3.3 24
1758703419714 3.9 25
1758703430614 4.3 26
1758703441447 3.8 27
1758703452027 4.8 28
1758703462598 2.8 29
1758703473134 3.6 30
1758703483712 3.9 31
1758703494217 4.4 32
1758703504945 3.5 33
1758703515933 3.1 34
1758703526929 4.2 35
1758703537738 3.5 36
1758703548728 3.1 37
1758703559452 3.9 38
1758703570143 4.8 39
1758703580748 2.9 40
1758703591280 3.7 41
1758703601914 4.9 42
1758703612544 3.3 43
1758703623278 3.6 44
1758703634254 4.4 45
1758703645114 3.0 46
1758703655939 3.6 47
1758703666667 4.6 48
1758703677306 3.8 49
1758703687920 3.8 50
1758703698517 4.0 51
1758703709078 3.8 52
1758703719633 3.7 53
1758703730355 4.3 54
1758703741228 3.8 55
1758703751961 3.5 56
1758703762929 3.6 57
1758703773777 3.7 58
1758703784579 3.7 59
1758703795171 3.7 60
1758703805788 4.7 61
1758703816425 3.4 62
1758703827013 3.6 63
1758703837606 4.9 64
1758703848442 2.9 65
1758703859286 3.8 66
1758703870162 4.6 67
1758703881049 2.6 68
1758703891895 2.7 69
1758703902488 3.8 70
1758703913600 2.9 71
1758703925925 3.7 72
1758703937938 4.1 73
1758703949550 3.6 74
1758703962320 3.9 75
1758703975064 3.6 76
1758703988136 3.9 77
1758704000908 3.0 78
1758704013159 4.3 79
1758704025538 3.4 80
1758704037462 4.4 81
1758704049003 3.9 82
1758704059785 3.0 83
1758704070793 4.7 84
1758704081658 3.8 85
1758704092470 3.0 86
1758704103482 3.7 87
1758704114233 5.3 88
1758704124825 3.3 89
1758704135447 3.7 90
1758704146013 4.3 91
1758704156580 3.3 92
1758704167155 3.4 93
1758704177957 4.5 94
1758704189140 3.7 95
1758704199999 3.7 96
1758704210764 4.1 97
1758704221745 3.8 98
1758704232735 3.8 99
1758704243290 4.3 100
1758704253839 3.5 101
1758704264359 3.5 102
1758704274952 3.1 103
1758704285604 4.6 104
1758704296363 3.5 105
1758704307093 3.6 106
1758704317951 4.7 107
1758704328940 2.9 108
1758704339582 4.1 109
1758704350184 4.8 110
1758704360739 3.2 111
1758704371231 3.6 112
1758704381849 4.7 113
1758704392571 2.6 114
1758704403263 3.7 115
1758704413917 5.1 116
1758704425009 4.8 117
1758704435830 6.0 118
1758704446641 5.9 119
1758704457479 4.0 120
1758704468115 3.7 121
1758704478730 4.0 122
1758704489317 3.9 123
1758704499981 3.5 124
1758704510562 3.8 125
1758704521232 3.2 126
1758704532046 3.9 127
1758704543323 2.9 128
1758704555814 3.6 129
1758704568077 4.3 130
1758704579207 3.7 131
1758704591021 3.6 132
1758704603055 4.0 133
1758704614822 3.8 134
1758704626696 4.3 135
1758704638445 3.7 136
1758704650315 3.6 137
1758704662496 3.8 138
1758704674146 3.5 139
1758704685002 5.0 140
1758704696214 3.5 141
1758704707210 3.9 142
1758704717972 3.9 143
1758704729042 3.7 144
1758704739665 4.0 145
1758704750211 4.0 146
1758704760784 4.1 147
1758704771446 4.8 148
1758704782098 2.6 149
1758704792753 3.3 150
1758704803479 3.8 151
1758704814143 4.3 152
1758704824876 3.8 153
1758704835597 3.4 154
1758704846311 4.3 155
1758704856971 3.7 156
1758704867569 3.5 157
1758704878126 4.8 158
1758704888673 3.7 159
1758704899351 2.6 160
1758704910221 4.5 161
1758704920880 3.4 162
1758704931681 3.3 163
1758704942394 4.8 164
1758704953020 3.6 165
1758704963607 3.0 166
1758704974341 4.5 167
1758704984939 3.4 168
1758704995515 3.7 169
1758705006059 4.9 170
1758705016670 2.9 171
1758705027336 3.2 172
1758705037999 4.5 173
1758705048660 2.8 174
1758705059366 4.3 175
1758705070184 4.8 176
1758705080813 2.9 177
1758705091407 3.7 178
1758705102123 4.7 179
1758705112849 2.9 180
1758705123684 4.0 181
1758705134387 4.5 182
1758705145000 3.0 183
1758705155593 3.3 184
1758705166268 3.8 185
1758705176946 2.7 186
1758705187994 3.4 187
1758705200494 3.7 188
1758705213418 3.5 189
1758705227637 3.2 190
1758705241445 4.1 191
1758705255500 3.4 192
1758705268144 4.0 193
1758705280363 3.5 194
1758705292774 3.8 195
1758705305812 3.5 196
1758705318754 3.2 197
1758705331042 4.5 198
1758705342991 3.3 199
1758705353686 4.1 200
1758705364419 3.8 201
1758705375100 3.8 202
1758705385810 3.2 203
1758705396648 4.7 204
1758705407382 3.0 205
1758705418422 3.7 206
1758705429144 4.8 207
1758705439976 3.1 208
1758705450578 3.6 209
1758705461267 4.6 210
1758705472191 2.7 211
1758705482877 5.1 212
1758705493551 3.8 213
1758705504230 3.4 214
1758705514985 4.7 215
1758705525816 3.4 216
1758705536606 3.4 217
1758705547532 4.9 218
1758705558284 2.9 219
1758705569077 3.8 220
1758705579839 4.7 221
1758705590668 2.7 222
1758705601311 3.9 223
1758705611948 4.7 224
1758705622619 3.2 225
1758705633210 3.8 226
1758705643974 4.7 227
1758705654599 3.2 228
1758705665540 3.7 229
1758705676193 4.1 230
1758705686911 3.7 231
1758705697677 3.4 232
1758705708301 2.5 233
1758705718904 4.9 234
1758705729608 3.8 235
1758705740197 2.8 236
1758705750819 5.2 237
1758705761553 3.8 238
1758705772394 4.1 239
1758705783146 3.7 240
1758705793900 3.7 241
1758705804734 4.1 242
1758705815430 3.6 243
1758705826134 3.0 244
1758705836746 4.3 245
1758705847421 3.1 246
