1758703139663 1218315.1 0
1758703150461 1218451.1 1
1758703161138 1221032.8 2
1758703172143 1221032.8 3
1758703183287 1221028.3 4
1758703194565 1221025.0 5
1758703206747 1221025.0 6
1758703218644 1221025.0 7
1758703229683 1221025.0 8
1758703240780 1221025.0 9
1758703251778 1221025.0 10
1758703262805 1221025.0 11
1758703274816 1221025.0 12
1758703286324 1221025.0 13
1758703297760 1221025.0 14
1758703309154 1221025.0 15
1758703320349 1221025.0 16
1758703331458 1221025.0 17
1758703342591 1221025.0 18
1758703353502 1221025.0 19
1758703364542 1221025.0 20
1758703375442 1221025.0 21
1758703386400 1221025.0 22
1758703397546 1221025.0 23
1758703408750 1221025.0 24
1758703419714 1221025.0 25
1758703430614 1221025.0 26
1758703441447 1221025.0 27
1758703452027 1221025.0 28
1758703462598 1220968.7 29
1758703473134 1220968.7 30
1758703483712 1220968.7 31
1758703494217 1220968.7 32
1758703504945 1220968.7 33
1758703515933 1220968.7 34
1758703526929 1220968.7 35
1758703537738 1220968.7 36
1758703548728 1220968.7 37
1758703559452 1220968.7 38
1758703570143 1220968.7 39
1758703580748 1220968.7 40
1758703591280 1220968.7 41
1758703601914 1220968.7 42
1758703612544 1220968.7 43
1758703623278 1220968.7 44
1758703634254 1220968.7 45
1758703645114 1220968.7 46
1758703655939 1220968.7 47
1758703666667 1220968.7 48
1758703677306 1220968.7 49
1758703687920 1220968.7 50
1758703698517 1220968.7 51
1758703709078 1220968.7 52
1758703719633 1220968.7 53
1758703730355 1220968.7 54
1758703741228 1220968.7 55
1758703751961 1220968.7 56
1758703762929 1220968.7 57
1758703773777 1220968.7 58
1758703784579 1220968.7 59
1758703795171 1220968.7 60
1758703805788 1220968.7 61
1758703816425 1220968.7 62
1758703827013 1220968.7 63
1758703837606 1220968.7 64
1758703848442 1220968.7 65
1758703859286 1220968.7 66
1758703870162 1220968.7 67
1758703881049 1220968.7 68
1758703891895 1220968.7 69
1758703902488 1220968.7 70
1758703913600 1220968.7 71
1758703925925 1220968.7 72
1758703937938 1220968.7 73
1758703949550 1220968.7 74
1758703962320 1220968.7 75
1758703975064 1220968.7 76
1758703988136 1220968.7 77
1758704000908 1220968.7 78
1758704013159 1220968.7 79
1758704025538 1220968.7 80
1758704037462 1220968.7 81
1758704049003 1220968.7 82
1758704059785 1220968.7 83
1758704070793 1220968.7 84
1758704081658 1220968.7 85
1758704092470 1220968.7 86
1758704103482 1220968.7 87
1758704114233 1220968.7 88
1758704124825 1220968.7 89
1758704135447 1220968.7 90
1758704146013 1220968.7 91
1758704156580 1220968.7 92
1758704167155 1220968.7 93
1758704177957 1220968.7 94
1758704189140 1220968.7 95
1758704199999 1220968.7 96
1758704210764 1220968.7 97
1758704221745 1220968.7 98
1758704232735 1220968.7 99
1758704243290 1220968.7 100
1758704253839 1220968.7 101
1758704264359 1220968.7 102
1758704274952 1220968.7 103
1758704285604 1220968.7 104
1758704296363 1220968.7 105
1758704307093 1220968.7 106
1758704317951 1220968.7 107
1758704328940 1220968.7 108
1758704339582 1220968.7 109
1758704350184 1220968.7 110
1758704360739 1220968.7 111
1758704371231 1220968.7 112
1758704381849 1220968.7 113
1758704392571 1220968.7 114
1758704403263 1220968.7 115
1758704413917 1220968.7 116
1758704425009 1220968.7 117
1758704435830 1220968.7 118
1758704446641 1220968.7 119
1758704457479 1220968.7 120
1758704468115 1220968.7 121
1758704478730 1220968.7 122
1758704489317 1220968.7 123
1758704499981 1220968.7 124
1758704510562 1220968.7 125
1758704521232 1220968.7 126
1758704532046 1220968.7 127
1758704543323 1220968.7 128
1758704555814 1220968.7 129
1758704568077 1220968.7 130
1758704579207 1220968.7 131
1758704591021 1220968.7 132
1758704603055 1220968.7 133
1758704614822 1220968.7 134
1758704626696 1220968.7 135
1758704638445 1220968.7 136
1758704650315 1220968.7 137
1758704662496 1220968.7 138
1758704674146 1220968.7 139
1758704685002 1220968.7 140
1758704696214 1220968.7 141
1758704707210 1220968.7 142
1758704717972 1220968.7 143
1758704729042 1220968.7 144
1758704739665 1220968.7 145
1758704750211 1220968.7 146
1758704760784 1220968.7 147
1758704771446 1220968.7 148
1758704782098 1220968.7 149
1758704792753 1220968.7 150
1758704803479 1220968.7 151
1758704814143 1220968.7 152
1758704824876 1220968.7 153
1758704835597 1220968.7 154
1758704846311 1220968.7 155
1758704856971 1220968.7 156
1758704867569 1220968.7 157
1758704878126 1220968.7 158
1758704888673 1220968.7 159
1758704899351 1220968.7 160
1758704910221 1220968.7 161
1758704920880 1220968.7 162
1758704931681 1220968.7 163
1758704942394 1220968.7 164
1758704953020 1220968.7 165
1758704963607 1220968.7 166
1758704974341 1220968.7 167
1758704984939 1220968.7 168
1758704995515 1220968.7 169
1758705006059 1220968.7 170
1758705016670 1220968.7 171
1758705027336 1220968.7 172
1758705037999 1220968.7 173
1758705048660 1220968.7 174
1758705059366 1220968.7 175
1758705070184 1220968.7 176
1758705080813 1220968.7 177
1758705091407 1220968.7 178
1758705102123 1220968.7 179
1758705112849 1220968.7 180
1758705123684 1220968.7 181
1758705134387 1220968.7 182
1758705145000 1220968.7 183
1758705155593 1220968.7 184
1758705166268 1220968.7 185
1758705176946 1220968.7 186
1758705187994 1220968.7 187
1758705200494 1220968.7 188
1758705213418 1220968.7 189
1758705227637 1220968.7 190
1758705241445 1220968.7 191
1758705255500 1220968.7 192
1758705268144 1220968.7 193
1758705280363 1220968.7 194
1758705292774 1220968.7 195
1758705305812 1220968.7 196
1758705318754 1220968.7 197
1758705331042 1220968.7 198
1758705342991 1220968.7 199
1758705353686 1220968.7 200
1758705364419 1220968.7 201
1758705375100 1220968.7 202
1758705385810 1220968.7 203
1758705396648 1220968.7 204
1758705407382 1220968.7 205
1758705418422 1220968.7 206
1758705429144 1220968.7 207
1758705439976 1220968.7 208
1758705450578 1220968.7 209
1758705461267 1220968.7 210
1758705472191 1220968.7 211
1758705482877 1220968.7 212
1758705493551 1220968.7 213
1758705504230 1220968.7 214
1758705514985 1220968.7 215
1758705525816 1220968.7 216
1758705536606 1220968.7 217
1758705547532 1220968.7 218
1758705558284 1220968.7 219
1758705569077 1220968.7 220
1758705579839 1220968.7 221
1758705590668 1220968.7 222
1758705601311 1220968.7 223
1758705611948 1220968.7 224
1758705622619 1220968.7 225
1758705633210 1220968.7 226
1758705643974 1220968.7 227
1758705654599 1220968.7 228
1758705665540 1220968.7 229
1758705676193 1220968.7 230
1758705686911 1220968.7 231
1758705697677 1220968.7 232
1758705708301 1220968.7 233
1758705718904 1220968.7 234
1758705729608 1220968.7 235
1758705740197 1220968.7 236
1758705750819 1220968.7 237
1758705761553 1220968.7 238
1758705772394 1220968.7 239
1758705783146 1220968.7 240
1758705793900 1220968.7 241
1758705804734 1220968.7 242
1758705815430 1220968.7 243
1758705826134 1220968.7 244
1758705836746 1220968.7 245
1758705847421 1220968.7 246
