1758703139663 1980122.4 0
1758703150461 1979986.4 1
1758703161138 1977404.7 2
1758703172143 1977404.7 3
1758703183287 1977409.2 4
1758703194565 1977412.5 5
1758703206747 1977412.5 6
1758703218644 1977412.5 7
1758703229683 1977412.5 8
1758703240780 1977412.5 9
1758703251778 1977412.5 10
1758703262805 1977412.5 11
1758703274816 1977412.5 12
1758703286324 1977412.5 13
1758703297760 1977412.5 14
1758703309154 1977412.5 15
1758703320349 1977412.5 16
1758703331458 1977412.5 17
1758703342591 1977412.5 18
1758703353502 1977412.5 19
1758703364542 1977412.5 20
1758703375442 1977412.5 21
1758703386400 1977412.5 22
1758703397546 1977412.5 23
1758703408750 1977412.5 24
1758703419714 1977412.5 25
1758703430614 1977412.5 26
1758703441447 1977412.5 27
1758703452027 1977412.5 28
1758703462598 1977468.8 29
1758703473134 1977468.8 30
1758703483712 1977468.8 31
1758703494217 1977468.8 32
1758703504945 1977468.8 33
1758703515933 1977468.8 34
1758703526929 1977468.8 35
1758703537738 1977468.8 36
1758703548728 1977468.8 37
1758703559452 1977468.8 38
1758703570143 1977468.8 39
1758703580748 1977468.8 40
1758703591280 1977468.8 41
1758703601914 1977468.8 42
1758703612544 1977468.8 43
1758703623278 1977468.8 44
1758703634254 1977468.8 45
1758703645114 1977468.8 46
1758703655939 1977468.8 47
1758703666667 1977468.8 48
1758703677306 1977468.8 49
1758703687920 1977468.8 50
1758703698517 1977468.8 51
1758703709078 1977468.8 52
1758703719633 1977468.8 53
1758703730355 1977468.8 54
1758703741228 1977468.8 55
1758703751961 1977468.8 56
1758703762929 1977468.8 57
1758703773777 1977468.8 58
1758703784579 1977468.8 59
1758703795171 1977468.8 60
1758703805788 1977468.8 61
1758703816425 1977468.8 62
1758703827013 1977468.8 63
1758703837606 1977468.8 64
1758703848442 1977468.8 65
1758703859286 1977468.8 66
1758703870162 1977468.8 67
1758703881049 1977468.8 68
1758703891895 1977468.8 69
1758703902488 1977468.8 70
1758703913600 1977468.8 71
1758703925925 1977468.8 72
1758703937938 1977468.8 73
1758703949550 1977468.8 74
1758703962320 1977468.8 75
1758703975064 1977468.8 76
1758703988136 1977468.8 77
1758704000908 1977468.8 78
1758704013159 1977468.8 79
1758704025538 1977468.8 80
1758704037462 1977468.8 81
1758704049003 1977468.8 82
1758704059785 1977468.8 83
1758704070793 1977468.8 84
1758704081658 1977468.8 85
1758704092470 1977468.8 86
1758704103482 1977468.8 87
1758704114233 1977468.8 88
1758704124825 1977468.8 89
1758704135447 1977468.8 90
1758704146013 1977468.8 91
1758704156580 1977468.8 92
1758704167155 1977468.8 93
1758704177957 1977468.8 94
1758704189140 1977468.8 95
1758704199999 1977468.8 96
1758704210764 1977468.8 97
1758704221745 1977468.8 98
1758704232735 1977468.8 99
1758704243290 1977468.8 100
1758704253839 1977468.8 101
1758704264359 1977468.8 102
1758704274952 1977468.8 103
1758704285604 1977468.8 104
1758704296363 1977468.8 105
1758704307093 1977468.8 106
1758704317951 1977468.8 107
1758704328940 1977468.8 108
1758704339582 1977468.8 109
1758704350184 1977468.8 110
1758704360739 1977468.8 111
1758704371231 1977468.8 112
1758704381849 1977468.8 113
1758704392571 1977468.8 114
1758704403263 1977468.8 115
1758704413917 1977468.8 116
1758704425009 1977468.8 117
1758704435830 1977468.8 118
1758704446641 1977468.8 119
1758704457479 1977468.8 120
1758704468115 1977468.8 121
1758704478730 1977468.8 122
1758704489317 1977468.8 123
1758704499981 1977468.8 124
1758704510562 1977468.8 125
1758704521232 1977468.8 126
1758704532046 1977468.8 127
1758704543323 1977468.8 128
1758704555814 1977468.8 129
1758704568077 1977468.8 130
1758704579207 1977468.8 131
1758704591021 1977468.8 132
1758704603055 1977468.8 133
1758704614822 1977468.8 134
1758704626696 1977468.8 135
1758704638445 1977468.8 136
1758704650315 1977468.8 137
1758704662496 1977468.8 138
1758704674146 1977468.8 139
1758704685002 1977468.8 140
1758704696214 1977468.8 141
1758704707210 1977468.8 142
1758704717972 1977468.8 143
1758704729042 1977468.8 144
1758704739665 1977468.8 145
1758704750211 1977468.8 146
1758704760784 1977468.8 147
1758704771446 1977468.8 148
1758704782098 1977468.8 149
1758704792753 1977468.8 150
1758704803479 1977468.8 151
1758704814143 1977468.8 152
1758704824876 1977468.8 153
1758704835597 1977468.8 154
1758704846311 1977468.8 155
1758704856971 1977468.8 156
1758704867569 1977468.8 157
1758704878126 1977468.8 158
1758704888673 1977468.8 159
1758704899351 1977468.8 160
1758704910221 1977468.8 161
1758704920880 1977468.8 162
1758704931681 1977468.8 163
1758704942394 1977468.8 164
1758704953020 1977468.8 165
1758704963607 1977468.8 166
1758704974341 1977468.8 167
1758704984939 1977468.8 168
1758704995515 1977468.8 169
1758705006059 1977468.8 170
1758705016670 1977468.8 171
1758705027336 1977468.8 172
1758705037999 1977468.8 173
1758705048660 1977468.8 174
1758705059366 1977468.8 175
1758705070184 1977468.8 176
1758705080813 1977468.8 177
1758705091407 1977468.8 178
1758705102123 1977468.8 179
1758705112849 1977468.8 180
1758705123684 1977468.8 181
1758705134387 1977468.8 182
1758705145000 1977468.8 183
1758705155593 1977468.8 184
1758705166268 1977468.8 185
1758705176946 1977468.8 186
1758705187994 1977468.8 187
1758705200494 1977468.8 188
1758705213418 1977468.8 189
1758705227637 1977468.8 190
1758705241445 1977468.8 191
1758705255500 1977468.8 192
1758705268144 1977468.8 193
1758705280363 1977468.8 194
1758705292774 1977468.8 195
1758705305812 1977468.8 196
1758705318754 1977468.8 197
1758705331042 1977468.8 198
1758705342991 1977468.8 199
1758705353686 1977468.8 200
1758705364419 1977468.8 201
1758705375100 1977468.8 202
1758705385810 1977468.8 203
1758705396648 1977468.8 204
1758705407382 1977468.8 205
1758705418422 1977468.8 206
1758705429144 1977468.8 207
1758705439976 1977468.8 208
1758705450578 1977468.8 209
1758705461267 1977468.8 210
1758705472191 1977468.8 211
1758705482877 1977468.8 212
1758705493551 1977468.8 213
1758705504230 1977468.8 214
1758705514985 1977468.8 215
1758705525816 1977468.8 216
1758705536606 1977468.8 217
1758705547532 1977468.8 218
1758705558284 1977468.8 219
1758705569077 1977468.8 220
1758705579839 1977468.8 221
1758705590668 1977468.8 222
1758705601311 1977468.8 223
1758705611948 1977468.8 224
1758705622619 1977468.8 225
1758705633210 1977468.8 226
1758705643974 1977468.8 227
1758705654599 1977468.8 228
1758705665540 1977468.8 229
1758705676193 1977468.8 230
1758705686911 1977468.8 231
1758705697677 1977468.8 232
1758705708301 1977468.8 233
1758705718904 1977468.8 234
1758705729608 1977468.8 235
1758705740197 1977468.8 236
1758705750819 1977468.8 237
1758705761553 1977468.8 238
1758705772394 1977468.8 239
1758705783146 1977468.8 240
1758705793900 1977468.8 241
1758705804734 1977468.8 242
1758705815430 1977468.8 243
1758705826134 1977468.8 244
1758705836746 1977468.8 245
1758705847421 1977468.8 246
