1758703139663 0.0 0
1758703150461 3.306073 1
1758703161138 11.148264999999999 2
1758703172143 11.155045999999999 3
1758703183287 11.160917 4
1758703194565 11.167884999999998 5
1758703206747 11.177307999999998 6
1758703218644 11.183463999999999 7
1758703229683 11.188187 8
1758703240780 11.193966 9
1758703251778 11.200054 10
1758703262805 11.206273999999999 11
1758703274816 11.214644999999999 12
1758703286324 11.219743999999999 13
1758703297760 11.224843 14
1758703309154 11.229875999999999 15
1758703320349 11.234974 16
1758703331458 11.244385999999999 17
1758703342591 11.249189 18
1758703353502 11.254352999999998 19
1758703364542 11.259385 20
1758703375442 11.264482999999998 21
1758703386400 11.269580999999999 22
1758703397546 11.274612999999999 23
1758703408750 11.279070999999998 24
1758703419714 11.285957 25
1758703430614 11.300635999999999 26
1758703441447 11.314542999999999 27
1758703452027 11.328515999999999 28
1758703462598 11.341206999999999 29
1758703473134 11.354538 30
1758703483712 11.367802 31
1758703494217 11.381317999999998 32
1758703504945 11.394646999999999 33
1758703515933 11.400958999999999 34
1758703526929 11.405990999999998 35
1758703537738 11.411088999999999 36
1758703548728 11.422699 37
1758703559452 11.435965 38
1758703570143 11.449978999999999 39
1758703580748 11.475893 40
1758703591280 11.490568999999999 41
1758703601914 11.503964999999999 42
1758703612544 11.518576999999999 43
1758703623278 11.528329999999999 44
1758703634254 11.533427999999999 45
1758703645114 11.538526 46
1758703655939 11.549496 47
1758703666667 11.563469 48
1758703677306 11.577376 49
1758703687920 11.590708 50
1758703698517 11.604614999999999 51
1758703709078 11.618011999999998 52
1758703719633 11.632624999999999 53
1758703730355 11.646465 54
1758703741228 11.655712 55
1758703751961 11.66081 56
1758703762929 11.665908 57
1758703773777 11.676371 58
1758703784579 11.689703 59
1758703795171 11.704249999999998 60
1758703805788 11.717516 61
1758703816425 11.731421999999998 62
1758703827013 11.744687999999998 63
1758703837606 11.758529 64
1758703848442 11.782618999999999 65
1758703859286 11.787863 66
1758703870162 11.793092999999999 67
1758703881049 11.799404999999998 68
1758703891895 11.805554999999998 69
1758703902488 11.812741999999998 70
1758703913600 11.822735999999999 71
1758703925925 11.828396 72
1758703937938 11.833497 73
1758703949550 11.838023 74
1758703962320 11.842547999999999 75
1758703975064 11.851533 76
1758703988136 11.856568 77
1758704000908 11.860451999999999 78
1758704013159 11.864977999999999 79
1758704025538 11.870078999999999 80
1758704037462 11.878488999999998 81
1758704049003 11.883014999999999 82
1758704059785 11.892838 83
1758704070793 11.904955999999999 84
1758704081658 11.917713999999998 85
1758704092470 11.931555999999999 86
1758704103482 11.945528999999999 87
1758704114233 11.95885 88
1758704124825 11.972757 89
1758704135447 11.986664 90
1758704146013 11.998206 91
1758704156580 12.003435999999999 92
1758704167155 12.008534 93
1758704177957 12.017781 94
1758704189140 12.030603999999999 95
1758704199999 12.045217 96
1758704210764 12.058615 97
1758704221745 12.072522 98
1758704232735 12.086495 99
1758704243290 12.113520999999999 100
1758704253839 12.125848 101
1758704264359 12.130946 102
1758704274952 12.136043999999998 103
1758704285604 12.145290999999999 104
1758704296363 12.158048999999998 105
1758704307093 12.171956 106
1758704317951 12.185796999999999 107
1758704328940 12.199703999999999 108
1758704339582 12.213610999999998 109
1758704350184 12.227452 110
1758704360739 12.241292999999999 111
1758704371231 12.252768 112
1758704381849 12.257866 113
1758704392571 12.262963999999998 114
1758704403263 12.272144999999998 115
1758704413917 12.285542999999999 116
1758704425009 12.298234999999998 117
1758704435830 12.312142 118
1758704446641 12.324834999999998 119
1758704457479 12.338807999999998 120
1758704468115 12.352715 121
1758704478730 12.365979 122
1758704489317 12.379375 123
1758704499981 12.385620999999999 124
1758704510562 12.393144 125
1758704521232 12.403042999999998 126
1758704532046 12.410827 127
1758704543323 12.420983999999999 128
1758704555814 12.426018 129
1758704568077 12.430477999999999 130
1758704579207 12.435004 131
1758704591021 12.440104 132
1758704603055 12.444564 133
1758704614822 12.44909 134
1758704626696 12.453615999999998 135
1758704638445 12.462601 136
1758704650315 12.466550999999999 137
1758704662496 12.471651999999999 138
1758704674146 12.476111999999999 139
1758704685002 12.481147 140
1758704696214 12.490967999999999 141
1758704707210 12.504301 142
1758704717972 12.517698999999999 143
1758704729042 12.531671999999999 144
1758704739665 12.545578999999998 145
1758704750211 12.558337 146
1758704760784 12.572883999999998 147
1758704771446 12.586725 148
1758704782098 12.597252999999998 149
1758704792753 12.606874999999999 150
1758704803479 12.61727 151
1758704814143 12.630028 152
1758704824876 12.643294 153
1758704835597 12.657200999999999 154
1758704846311 12.669958999999999 155
1758704856971 12.68329 156
1758704867569 12.697197 157
1758704878126 12.709888999999999 158
1758704888673 12.723794 159
1758704899351 12.728826 160
1758704910221 12.733858 161
1758704920880 12.740677 162
1758704931681 12.752861 163
1758704942394 12.765619 164
1758704953020 12.779459999999998 165
1758704963607 12.792791999999999 166
1758704974341 12.805549999999998 167
1758704984939 12.818881999999999 168
1758704995515 12.832789 169
1758705006059 12.846120999999998 170
1758705016670 12.856516999999998 171
1758705027336 12.861548999999998 172
1758705037999 12.866580999999998 173
1758705048660 12.874745999999998 174
1758705059366 12.888179999999998 175
1758705070184 12.901751999999998 176
1758705080813 12.927655 177
1758705091407 12.940999999999999 178
1758705102123 12.954906 179
1758705112849 12.967089999999999 180
1758705123684 12.979781999999998 181
1758705134387 12.988389999999999 182
1758705145000 12.993488 183
1758705155593 12.998586 184
1758705166268 13.004897999999999 185
1758705176946 13.012084 186
1758705187994 13.019722999999999 187
1758705200494 13.029361999999999 188
1758705213418 13.034529 189
1758705227637 13.039563999999999 190
1758705241445 13.047972999999999 191
1758705255500 13.052499 192
1758705268144 13.057533999999999 193
1758705280363 13.067226999999999 194
1758705292774 13.071819 195
1758705305812 13.076345 196
1758705318754 13.08138 197
1758705331042 13.086537 198
1758705342991 13.091638 199
1758705353686 13.096870999999998 200
1758705364419 13.115874 201
1758705375100 13.129206 202
1758705385810 13.142603999999999 203
1758705396648 13.155869999999998 204
1758705407382 13.168693999999999 205
1758705418422 13.180878 206
1758705429144 13.19421 207
1758705439976 13.207806 208
1758705450578 13.216987999999999 209
1758705461267 13.222164 210
1758705472191 13.227262 211
1758705482877 13.237017 212
1758705493551 13.250924 213
1758705504230 13.26419 214
1758705514985 13.278163 215
1758705525816 13.292003999999999 216
1758705536606 13.304761999999998 217
1758705547532 13.318028 218
1758705558284 13.331294 219
1758705569077 13.344052 220
1758705579839 13.349658999999999 221
1758705590668 13.358428 222
1758705601311 13.370757 223
1758705611948 13.384597999999999 224
1758705622619 13.397862 225
1758705633210 13.412474 226
1758705643974 13.425806 227
1758705654599 13.439713 228
1758705665540 13.452471 229
1758705676193 13.464588999999998 230
1758705686911 13.476132999999999 231
1758705697677 13.481164999999999 232
1758705708301 13.486329 233
1758705718904 13.492495 234
1758705729608 13.505185999999998 235
1758705740197 13.518009999999999 236
1758705750819 13.531979999999999 237
1758705761553 13.545952 238
1758705772394 13.560564999999999 239
1758705783146 13.574537999999999 240
1758705793900 13.587361999999999 241
1758705804734 13.60076 242
1758705815430 13.609368 243
1758705826134 13.614465999999998 244
1758705836746 13.618924 245
1758705847421 13.625381999999998 246
