1758703403916 1.274877905845642 0
1758703404339 1.2027798891067505 1
1758703404764 1.198225975036621 2
1758703405322 0.9207143783569336 3
1758703405738 0.9250311255455017 4
1758703406238 1.205644130706787 5
1758703406784 1.0395376682281494 6
1758703408108 1.0004736185073853 7
1758703408500 0.7811925411224365 8
1758703408979 1.1485850811004639 9
1758703409558 0.9961079955101013 10
1758703410125 0.8209051489830017 11
1758703411015 0.9478224515914917 12
1758703411515 0.8267685770988464 13
1758703412382 1.0294902324676514 14
1758703412889 1.12974214553833 15
1758703413968 0.8079345226287842 16
1758703414503 0.704730749130249 17
1758703415191 0.6903329491615295 18
1758703415564 0.8373969197273254 19
1758703416494 0.7269583344459534 20
1758703416874 0.7940132021903992 21
1758703417954 0.7329426407814026 22
1758703418475 0.9027689695358276 23
1758703419456 0.8563272953033447 24
1758703419974 0.814663290977478 25
1758703420836 0.601909875869751 26
1758703422184 0.7474656701087952 27
1758703422580 0.6435248255729675 28
1758703423070 0.7397640943527222 29
1758703423827 0.6577253341674805 30
1758703424243 0.7648215293884277 31
1758703425594 0.6228296160697937 32
1758703426075 0.6810836791992188 33
1758703427010 0.6479471921920776 34
1758703427545 0.8290411233901978 35
1758703428416 0.9146124720573425 36
1758703428921 0.7452172636985779 37
1758703429817 0.697993814945221 38
1758703430341 0.5836259722709656 39
1758703431209 0.6044676303863525 40
1758703431598 0.6625044345855713 41
1758703432572 0.6303647756576538 42
1758703433016 0.6977528929710388 43
1758703433956 0.5721544027328491 44
1758703434605 0.6344006061553955 45
1758703435313 0.54411780834198 46
1758703435826 0.5326730012893677 47
1758703436770 0.6083558201789856 48
1758703437297 0.6746728420257568 49
1758703438369 0.6332572102546692 50
1758703438739 0.6527078151702881 51
1758703439745 0.5696201920509338 52
1758703440141 0.5206656455993652 53
1758703441231 0.733757734298706 54
1758703441611 0.6912009716033936 55
1758703442768 0.5611085891723633 56
1758703443159 0.5531988143920898 57
1758703444229 0.5597323775291443 58
1758703444600 0.5461382865905762 59
1758703445584 0.5967940092086792 60
1758703445963 0.6840625405311584 61
1758703447037 0.7190277576446533 62
1758703447412 0.572504997253418 63
1758703448647 0.5353274941444397 64
1758703449005 0.5380701422691345 65
1758703450278 0.5089751482009888 66
1758703450752 0.517339825630188 67
1758703451698 0.46649831533432007 68
1758703452050 0.5003613233566284 69
1758703453167 0.5582380294799805 70
1758703453556 0.46717897057533264 71
1758703454577 0.5855957269668579 72
1758703455083 0.5237690210342407 73
1758703456043 0.4683610796928406 74
1758703456406 0.5242205262184143 75
1758703457457 0.6125514507293701 76
1758703457974 0.6216048002243042 77
1758703458895 0.47128182649612427 78
1758703459253 0.4855343997478485 79
1758703460244 0.4870472252368927 80
1758703460621 0.4343472123146057 81
1758703461637 0.490765780210495 82
1758703461994 0.5102593302726746 83
1758703463071 0.43833231925964355 84
1758703463422 0.4823971390724182 85
1758703464465 0.6520197987556458 86
1758703464817 0.4710887372493744 87
1758703465936 0.5017924904823303 88
1758703466295 0.45295342803001404 89
1758703467389 0.44561079144477844 90
1758703467754 0.5681893229484558 91
1758703468834 0.41055673360824585 92
1758703469191 0.5099585652351379 93
1758703470305 0.44368651509284973 94
1758703470690 0.502008855342865 95
1758703471734 0.42096877098083496 96
1758703472086 0.487164705991745 97
1758703473260 0.4345541000366211 98
1758703473613 0.5352240800857544 99
1758703474688 0.4390440881252289 100
1758703475061 0.40218982100486755 101
1758703476076 0.429818719625473 102
1758703476446 0.41034626960754395 103
1758703477657 0.4970872104167938 104
1758703478051 0.4004000425338745 105
1758703479047 0.4686529338359833 106
1758703479393 0.5988429188728333 107
1758703481436 0.37422361969947815 108
1758703481803 0.392801433801651 109
1758703482868 0.42332780361175537 110
1758703483323 0.4254845678806305 111
1758703484369 0.46821650862693787 112
1758703484736 0.3920729458332062 113
1758703485797 0.3989558517932892 114
1758703486306 0.34462136030197144 115
1758703487216 0.4030957520008087 116
1758703487575 0.3848862648010254 117
1758703488615 0.3964705467224121 118
1758703488973 0.5527583360671997 119
1758703523822 0.4321482181549072 120
1758703524247 0.35440385341644287 121
1758703525147 0.49729228019714355 122
1758703525695 0.42234373092651367 123
1758703526631 0.3650267422199249 124
1758703527017 0.41168537735939026 125
1758703528080 0.32234641909599304 126
1758703528484 0.3624267876148224 127
1758703529494 0.39641180634498596 128
1758703529902 0.3487209379673004 129
1758703530934 0.34564176201820374 130
1758703531363 0.39303168654441833 131
1758703532341 0.3261266350746155 132
1758703532827 0.40986377000808716 133
1758703533805 0.34627944231033325 134
1758703534385 0.3983691930770874 135
1758703535319 0.3132975697517395 136
1758703535725 0.3297085762023926 137
1758703536769 0.3327300548553467 138
1758703537154 0.3531569540500641 139
1758703538243 0.3251119554042816 140
1758703538668 0.3206629157066345 141
1758703539656 0.30552563071250916 142
1758703540208 0.33580633997917175 143
1758703541071 0.38190582394599915 144
1758703541588 0.31572696566581726 145
1758703542455 0.32700875401496887 146
1758703542943 0.4758710563182831 147
1758703543901 0.3247140347957611 148
1758703544413 0.3469450771808624 149
1758703545379 0.3075418472290039 150
1758703545872 0.3326973617076874 151
1758703546602 0.38298875093460083 152
1758703547107 0.32184913754463196 153
1758703547992 0.32486215233802795 154
1758703548520 0.5737438201904297 155
1758703549402 0.5294191241264343 156
1758703549771 0.2900168001651764 157
1758703550846 0.33755332231521606 158
1758703551410 0.32285892963409424 159
1758703552304 0.292417049407959 160
1758703552818 0.3105309009552002 161
1758703553732 0.32599741220474243 162
1758703554092 0.28968992829322815 163
1758703555041 0.32956463098526 164
1758703555424 0.4670140743255615 165
1758703556406 0.29809361696243286 166
1758703556779 0.2970510423183441 167
1758703557941 0.3232778310775757 168
1758703558308 0.2902747094631195 169
1758703559211 0.30117014050483704 170
1758703559569 0.27668997645378113 171
1758703560578 0.2820010781288147 172
1758703560950 0.3632935583591461 173
1758703562050 0.2628132998943329 174
1758703562415 0.3439874053001404 175
1758703563434 0.2795078158378601 176
1758703563788 0.3507906198501587 177
1758703564734 0.30646583437919617 178
1758703565097 0.2442520260810852 179
1758703566033 0.2804560959339142 180
1758703566414 0.3302074074745178 181
1758703567398 0.23383678495883942 182
1758703567767 0.2455531656742096 183
1758703568782 0.5099564790725708 184
1758703569134 0.24950441718101501 185
1758703570163 0.434581458568573 186
1758703570557 0.353150874376297 187
1758703571691 0.37439513206481934 188
1758703572050 0.29784196615219116 189
1758703573020 0.29098275303840637 190
1758703573387 0.3222249150276184 191
1758703574394 0.3489517569541931 192
1758703574745 0.2424512803554535 193
1758703575928 0.41306647658348083 194
1758703576280 0.25482991337776184 195
1758703577292 0.32380470633506775 196
1758703577644 0.25074532628059387 197
1758703578503 0.3733193576335907 198
1758703578875 0.24767860770225525 199
1758703579771 0.26606595516204834 200
1758703580124 0.299865186214447 201
1758703581221 0.2756713628768921 202
1758703581609 0.4499971270561218 203
1758703582789 0.29517295956611633 204
1758703583136 0.24876859784126282 205
1758703584005 0.3595839738845825 206
1758703584381 0.3054819107055664 207
1758703585432 0.23584209382534027 208
1758703585783 0.43757349252700806 209
1758703586965 0.2457951456308365 210
1758703587323 0.6032543778419495 211
1758703588179 0.2292751967906952 212
1758703588537 0.27672913670539856 213
1758703589560 0.27806469798088074 214
1758703589923 0.3206274211406708 215
1758703590915 0.31982049345970154 216
1758703591280 0.3953719139099121 217
1758703592245 0.22185483574867249 218
1758703592602 0.2377922087907791 219
1758703593556 0.25592201948165894 220
1758703593923 0.2552722096443176 221
1758703594873 0.2712875008583069 222
1758703595259 0.23500165343284607 223
1758703596200 0.24528838694095612 224
1758703596565 0.21827752888202667 225
1758703597558 0.2544165253639221 226
1758703598008 0.5077825784683228 227
1758703598836 0.23221854865550995 228
1758703599214 0.2012033760547638 229
1758703600239 0.28379401564598083 230
1758703600673 0.2687280774116516 231
1758703601639 0.21871988475322723 232
1758703602016 0.23355959355831146 233
1758703603042 0.2563667595386505 234
1758703603407 0.42729175090789795 235
1758703604408 0.21996372938156128 236
1758703604753 0.23413315415382385 237
1758703605826 0.2858780324459076 238
1758703606204 0.2304122895002365 239
1758703637533 0.2523053288459778 240
1758703638000 0.2266882359981537 241
1758703638872 0.22625884413719177 242
1758703639595 0.2255571186542511 243
1758703640346 0.19961418211460114 244
1758703640850 0.21812446415424347 245
1758703641751 0.17826001346111298 246
1758703642286 0.28582271933555603 247
1758703643297 0.2956315875053406 248
1758703643682 0.1997554749250412 249
1758703644659 0.21728666126728058 250
1758703645047 0.22744253277778625 251
1758703646004 0.25023508071899414 252
1758703646531 0.18900123238563538 253
1758703647469 0.23107373714447021 254
1758703647934 0.22987672686576843 255
1758703648836 0.21166811883449554 256
1758703649208 0.3702916204929352 257
1758703650267 0.2250652313232422 258
1758703650646 0.21134410798549652 259
1758703651626 0.2669495940208435 260
1758703652086 0.19281890988349915 261
1758703653033 0.246393084526062 262
1758703653457 0.20542332530021667 263
1758703654402 0.20353958010673523 264
1758703654796 0.2070847451686859 265
1758703655760 0.2254089117050171 266
1758703656197 0.2130923569202423 267
1758703657060 0.22661300003528595 268
1758703657435 0.18661977350711823 269
1758703658452 0.20005986094474792 270
1758703658970 0.1590675562620163 271
1758703659829 0.23004113137722015 272
1758703660241 0.2535834014415741 273
1758703661284 0.20702917873859406 274
1758703661773 0.4744984209537506 275
1758703662605 0.18881066143512726 276
1758703663094 0.1973850280046463 277
1758703663931 0.29929935932159424 278
1758703664367 0.22760412096977234 279
1758703665193 0.1854945719242096 280
1758703665653 0.26880887150764465 281
1758703666518 0.3131726086139679 282
1758703666901 0.25905290246009827 283
1758703667907 0.31358569860458374 284
1758703668366 0.1912766396999359 285
1758703669211 0.19782754778862 286
1758703669573 0.17946137487888336 287
1758703670601 0.2067093700170517 288
1758703671057 0.20321397483348846 289
1758703672046 0.997340738773346 290
1758703672403 0.19822750985622406 291
1758703673359 0.21651986241340637 292
1758703673732 0.20697128772735596 293
1758703674512 0.23378264904022217 294
1758703675005 0.2013104259967804 295
1758703675884 0.2532508075237274 296
1758703676394 0.1753542423248291 297
1758703677254 0.23364458978176117 298
1758703677732 0.2429371476173401 299
1758703678624 0.18454612791538239 300
1758703679115 0.18569912016391754 301
1758703679971 0.18332885205745697 302
1758703680345 0.20075905323028564 303
1758703681384 0.19367530941963196 304
1758703681857 0.561482846736908 305
1758703682793 0.2196364402770996 306
1758703683145 0.17896848917007446 307
1758703684262 0.3958982229232788 308
1758703684795 0.22767594456672668 309
1758703685775 0.23689253628253937 310
1758703686170 0.1637503206729889 311
1758703686973 0.20853786170482635 312
1758703687443 0.18679672479629517 313
1758703688426 0.18313252925872803 314
1758703688801 0.16722922027111053 315
1758703689677 0.20072953402996063 316
1758703690190 0.15964706242084503 317
1758703691261 0.16148218512535095 318
1758703691625 0.21205012500286102 319
1758703692453 0.1428092122077942 320
1758703692855 0.16449157893657684 321
1758703693837 0.25027361512184143 322
1758703694201 0.16004358232021332 323
1758703695161 0.16128692030906677 324
1758703695660 0.3700415790081024 325
1758703696522 0.1675846129655838 326
1758703697014 0.41352707147598267 327
1758703697861 0.28650254011154175 328
1758703698214 0.1477186679840088 329
1758703699152 0.2116120308637619 330
1758703699501 0.1960892528295517 331
1758703700550 0.3670550286769867 332
1758703701004 0.7000277638435364 333
1758703701867 0.23600652813911438 334
1758703702240 0.18148571252822876 335
1758703703364 0.24088671803474426 336
1758703703744 0.26973608136177063 337
1758703704813 0.18327362835407257 338
1758703705333 0.2142418771982193 339
1758703706173 0.22458726167678833 340
1758703706569 0.16793666779994965 341
1758703707549 0.35478025674819946 342
1758703707921 0.27949240803718567 343
1758703708962 0.18451353907585144 344
1758703709318 0.3384290337562561 345
1758703710296 0.2033824920654297 346
1758703710649 0.21102267503738403 347
1758703711820 0.1499609351158142 348
1758703712176 0.19423465430736542 349
1758703713018 0.2108224332332611 350
1758703713365 0.18455860018730164 351
1758703714363 0.3791225850582123 352
1758703714731 0.5874044299125671 353
1758703715709 0.1915922611951828 354
1758703716186 0.26646795868873596 355
1758703717090 0.16659687459468842 356
1758703717566 0.21822117269039154 357
1758703718639 0.19354863464832306 358
1758703719066 0.1690354198217392 359
1758703752037 0.1998884081840515 360
1758703752555 0.16485607624053955 361
1758703753265 0.20146436989307404 362
1758703753649 0.170151948928833 363
1758703754658 0.15158367156982422 364
1758703755194 0.15314055979251862 365
1758703756114 0.15193001925945282 366
1758703756515 0.1461418718099594 367
1758703757608 0.12828922271728516 368
1758703758126 0.12699778378009796 369
1758703758908 0.2208433896303177 370
1758703759447 0.1342460960149765 371
1758703760325 0.27812689542770386 372
1758703760794 0.4324588179588318 373
1758703761846 0.15870536863803864 374
1758703762260 0.25820186734199524 375
1758703763079 0.17043764889240265 376
1758703763563 0.23431645333766937 377
1758703764445 0.2090892195701599 378
1758703764893 0.14778250455856323 379
1758703766033 0.21102409064769745 380
1758703766448 0.17442980408668518 381
1758703767276 0.1875515580177307 382
1758703767685 0.1898016482591629 383
1758703768625 0.16950790584087372 384
1758703768997 0.24074624478816986 385
1758703769979 0.14101643860340118 386
1758703770384 0.20868559181690216 387
1758703771330 0.12611469626426697 388
1758703771803 0.40404778718948364 389
1758703772634 0.14924876391887665 390
1758703773293 0.16268670558929443 391
1758703774164 0.30823394656181335 392
1758703774638 0.15741410851478577 393
1758703775548 0.7129506468772888 394
1758703776055 0.22035589814186096 395
1758703776747 0.2047969400882721 396
1758703777127 0.36268770694732666 397
1758703778100 0.13595713675022125 398
1758703778603 0.24473059177398682 399
1758703779709 0.21953685581684113 400
1758703780093 0.23711912333965302 401
1758703780937 0.16879385709762573 402
1758703781407 0.13503813743591309 403
1758703782262 0.13585154712200165 404
1758703782635 0.19012929499149323 405
1758703783620 0.15869854390621185 406
1758703783979 0.14871732890605927 407
1758703785018 0.17068928480148315 408
1758703785382 0.4401906728744507 409
1758703786353 0.16208970546722412 410
1758703786866 0.12010648846626282 411
1758703787875 0.12641368806362152 412
1758703788247 0.13100780546665192 413
1758703789263 0.17060057818889618 414
1758703789632 0.20610018074512482 415
1758703790628 0.1577930748462677 416
1758703790997 0.16795411705970764 417
1758703791975 0.13255754113197327 418
1758703792329 0.18259494006633759 419
1758703793150 0.15505093336105347 420
1758703793497 0.18563471734523773 421
1758703794499 0.6094701886177063 422
1758703794956 0.15077663958072662 423
1758703795970 0.12127911299467087 424
1758703796332 0.20168283581733704 425
1758703797201 0.30872032046318054 426
1758703797565 0.1691635400056839 427
1758703798605 0.10774555802345276 428
1758703799059 0.20499928295612335 429
1758703799948 0.23937834799289703 430
1758703800438 0.15862774848937988 431
1758703801303 0.21912875771522522 432
1758703801669 0.16485801339149475 433
1758703802743 0.13769300282001495 434
1758703803106 0.2624987065792084 435
1758703804168 0.15147711336612701 436
1758703804654 0.16095855832099915 437
1758703805581 0.1632508933544159 438
1758703806006 0.14059288799762726 439
1758703807099 0.1724991798400879 440
1758703807454 0.20138581097126007 441
1758703808399 0.12344582378864288 442
1758703808751 0.1443009078502655 443
1758703810033 0.27910304069519043 444
1758703810413 0.21144627034664154 445
1758703811316 0.2157735526561737 446
1758703811674 0.18263499438762665 447
1758703812745 0.15083645284175873 448
1758703813132 0.11088357865810394 449
1758703814114 0.15923972427845 450
1758703814504 0.11918650567531586 451
1758703815570 0.14592815935611725 452
1758703815923 0.1999506652355194 453
1758703816965 0.19496022164821625 454
1758703817324 0.15251287817955017 455
1758703818457 0.13575950264930725 456
1758703818826 0.11632712930440903 457
1758703819798 0.15552568435668945 458
1758703820172 0.12046093493700027 459
1758703821291 0.18271437287330627 460
1758703821642 0.10377553105354309 461
1758703822814 0.14539586007595062 462
1758703823166 0.10317357629537582 463
1758703823936 0.13244430720806122 464
1758703824415 0.15000100433826447 465
1758703825293 0.13588976860046387 466
1758703825653 0.12204690277576447 467
1758703826770 0.2720319330692291 468
1758703827276 0.14903022348880768 469
1758703828150 0.2124054878950119 470
1758703828532 0.10850511491298676 471
1758703829735 0.38546493649482727 472
1758703830091 0.26775747537612915 473
1758703831132 0.14146728813648224 474
1758703831486 0.22408132255077362 475
1758703832520 0.24833670258522034 476
1758703832913 0.10941456258296967 477
1758703833887 0.1187138482928276 478
1758703834324 0.15956515073776245 479
