1758704043149 1.274877905845642 0
1758704043627 1.191312313079834 1
1758704044156 1.1745628118515015 2
1758704044511 0.7996463179588318 3
1758704045533 0.8448847532272339 4
1758704045894 1.1236848831176758 5
1758704046873 0.8918648958206177 6
1758704047359 0.9308278560638428 7
1758704048187 0.6399943828582764 8
1758704048535 0.9974595904350281 9
1758704049572 0.8489164113998413 10
1758704049978 0.7116885781288147 11
1758704051849 0.9378328919410706 12
1758704052220 0.8415384888648987 13
1758704053202 0.9352042078971863 14
1758704053571 1.0739896297454834 15
1758704054513 0.6385065317153931 16
1758704054933 0.6191245317459106 17
1758704055880 0.6248237490653992 18
1758704056243 0.7175791263580322 19
1758704057291 0.7727511525154114 20
1758704057904 0.6926195025444031 21
1758704058669 0.5903051495552063 22
1758704059182 0.5629191398620605 23
1758704060042 0.6738987565040588 24
1758704060545 0.7778028845787048 25
1758704061577 0.574909508228302 26
1758704062067 0.5903486013412476 27
1758704062970 0.4753056466579437 28
1758704063427 0.5162305235862732 29
1758704064312 0.4882555902004242 30
1758704064826 0.5604594349861145 31
1758704065754 0.44672173261642456 32
1758704066213 0.5129398107528687 33
1758704067206 0.46601375937461853 34
1758704067689 0.6418617963790894 35
1758704068649 0.7775875329971313 36
1758704069180 0.5512527227401733 37
1758704070057 0.5903485417366028 38
1758704070630 0.439357727766037 39
1758704071477 0.5822836756706238 40
1758704071851 0.4620077610015869 41
1758704072856 0.4226306676864624 42
1758704073268 0.503628671169281 43
1758704074292 0.37292802333831787 44
1758704074791 0.6492409706115723 45
1758704075791 0.5201313495635986 46
1758704076253 0.438882052898407 47
1758704077222 0.43868860602378845 48
1758704077611 0.4761807918548584 49
1758704078581 0.4463092088699341 50
1758704078965 0.5204092860221863 51
1758704080021 0.3625735938549042 52
1758704080492 0.3238893151283264 53
1758704081393 0.4641711115837097 54
1758704081944 0.3475245237350464 55
1758704082801 0.33620595932006836 56
1758704083226 0.32088813185691833 57
1758704084187 0.3639516532421112 58
1758704084692 0.3085978627204895 59
1758704085558 0.4545480012893677 60
1758704086048 0.4624287486076355 61
1758704086889 0.39896848797798157 62
1758704087397 0.28699925541877747 63
1758704088262 0.31753042340278625 64
1758704088794 0.32954472303390503 65
1758704089761 0.2675414979457855 66
1758704090311 0.2694859504699707 67
1758704091170 0.3525925278663635 68
1758704091546 0.30609187483787537 69
1758704092711 0.39151474833488464 70
1758704093229 0.26768556237220764 71
1758704093911 0.32664257287979126 72
1758704094446 0.30435317754745483 73
1758704095453 0.253391832113266 74
1758704095933 0.26704078912734985 75
1758704098157 0.5126599073410034 76
1758704098533 0.3223053812980652 77
1758704098979 0.23032623529434204 78
1758704099337 0.2947137951850891 79
1758704099832 0.26399150490760803 80
1758704100269 0.24032823741436005 81
1758704101211 0.3258310854434967 82
1758704101664 0.2749287784099579 83
1758704102614 0.24154214560985565 84
1758704103113 0.4702834188938141 85
1758704104045 0.5723776817321777 86
1758704104513 0.43475911021232605 87
1758704105444 0.3280640244483948 88
1758704106160 0.21423836052417755 89
1758704106848 0.2818872034549713 90
1758704107359 0.2830110192298889 91
1758704108265 0.25779616832733154 92
1758704108762 0.3497709631919861 93
1758704109587 0.26450416445732117 94
1758704110068 0.3303881883621216 95
1758704110910 0.30297335982322693 96
1758704111422 0.23914282023906708 97
1758704112368 0.1998359113931656 98
1758704112735 0.25635826587677 99
1758704113798 0.33236178755760193 100
1758704114299 0.19252218306064606 101
1758704115204 0.4051150679588318 102
1758704115781 0.1951674520969391 103
1758704116699 0.1820879876613617 104
1758704117198 0.17498895525932312 105
1758704118109 0.18263159692287445 106
1758704118597 0.28998497128486633 107
1758704119486 0.25465843081474304 108
1758704119961 0.18657982349395752 109
1758704120966 0.2399502545595169 110
1758704121327 0.1939980685710907 111
1758704122184 0.2113507241010666 112
1758704122659 0.22324322164058685 113
1758704123539 0.1893952339887619 114
1758704124032 0.15496651828289032 115
1758704124969 0.19355802237987518 116
1758704125463 0.16603893041610718 117
1758704126372 0.5591662526130676 118
1758704126727 0.6070073246955872 119
1758704158437 0.164982408285141 120
1758704158787 0.17397519946098328 121
1758704159707 0.22615021467208862 122
1758704160145 0.17362716794013977 123
1758704161085 0.1338466852903366 124
1758704161586 0.2136489748954773 125
1758704162621 0.16597700119018555 126
1758704162982 0.16286596655845642 127
1758704163999 0.25258317589759827 128
1758704164487 0.23350271582603455 129
1758704165356 0.4755699038505554 130
1758704165730 0.17810846865177155 131
1758704166742 0.13304930925369263 132
1758704167092 0.1901615560054779 133
1758704168207 0.23141181468963623 134
1758704168634 0.20102819800376892 135
1758704169584 0.16837476193904877 136
1758704170079 0.18385984003543854 137
1758704170988 0.16021281480789185 138
1758704171469 0.19041773676872253 139
1758704172352 0.13919393718242645 140
1758704172869 0.13850335776805878 141
1758704173742 0.13027851283550262 142
1758704174276 0.29406559467315674 143
1758704175143 0.18864552676677704 144
1758704175594 0.11984331160783768 145
1758704176551 0.14056463539600372 146
1758704176999 0.4315914213657379 147
1758704177876 0.1879432052373886 148
1758704178255 0.26769477128982544 149
1758704179203 0.20241470634937286 150
1758704179591 0.16944867372512817 151
1758704180499 0.16782988607883453 152
1758704181017 0.13279783725738525 153
1758704181867 0.16640178859233856 154
1758704182221 0.2562570869922638 155
1758704183226 0.6980308890342712 156
1758704183694 0.12938322126865387 157
1758704184621 0.16798974573612213 158
1758704185107 0.1271127462387085 159
1758704186151 0.18917623162269592 160
1758704186639 0.12263058125972748 161
1758704187396 0.12626729905605316 162
1758704187919 0.1228996068239212 163
1758704188857 0.3463232219219208 164
1758704189280 0.40817150473594666 165
1758704190323 0.13828185200691223 166
1758704190858 0.19689030945301056 167
1758704191793 0.2160516232252121 168
1758704192279 0.2202979326248169 169
1758704193106 0.21954402327537537 170
1758704193484 0.10839058458805084 171
1758704194472 0.14783933758735657 172
1758704194960 0.15843860805034637 173
1758704195814 0.2562183439731598 174
1758704196300 0.14896754920482635 175
1758704197167 0.4298637807369232 176
1758704197701 0.21190813183784485 177
1758704198635 0.2056005597114563 178
1758704199012 0.14500343799591064 179
1758704200104 0.19162386655807495 180
1758704200476 0.37312543392181396 181
1758704201527 0.17908406257629395 182
1758704201911 0.13881592452526093 183
1758704202874 0.5669788122177124 184
1758704203255 0.14340311288833618 185
1758704204236 0.2662489116191864 186
1758704204626 0.29481008648872375 187
1758704205604 0.3628814220428467 188
1758704206334 0.28269386291503906 189
1758704207043 0.21972018480300903 190
1758704207751 0.2244848608970642 191
1758704208295 0.3005577027797699 192
1758704208764 0.11596927046775818 193
1758704209848 0.552520215511322 194
1758704210239 0.11594487726688385 195
1758704211305 0.20046336948871613 196
1758704211695 0.14674893021583557 197
1758704212532 0.1859777718782425 198
1758704213030 0.10465458035469055 199
1758704213894 0.11291427165269852 200
1758704214299 0.29741859436035156 201
1758704215250 0.10817112773656845 202
1758704215683 0.20352493226528168 203
1758704216586 0.19616052508354187 204
1758704217059 0.14368417859077454 205
1758704217976 0.6579000353813171 206
1758704218381 0.1556171029806137 207
1758704219381 0.11420545727014542 208
1758704219811 0.17397168278694153 209
1758704220790 0.1376560628414154 210
1758704221192 0.5423035025596619 211
1758704222168 0.14171330630779266 212
1758704222608 0.1986418068408966 213
1758704223647 0.15648800134658813 214
1758704224091 0.23738031089305878 215
1758704224974 0.09912797063589096 216
1758704225428 0.2157033383846283 217
1758704226439 0.10391209274530411 218
1758704226859 0.16356243193149567 219
1758704227949 0.1386314332485199 220
1758704228351 0.1710769236087799 221
1758704229440 0.18006612360477448 222
1758704229791 0.10565625876188278 223
1758704230795 0.1036253497004509 224
1758704231260 0.09274367988109589 225
1758704232168 0.12002325803041458 226
1758704232518 0.36958861351013184 227
1758704233540 0.16621515154838562 228
1758704233901 0.12279403209686279 229
1758704234887 0.17102865874767303 230
1758704235260 0.21699659526348114 231
1758704236343 0.1388186812400818 232
1758704236725 0.1408562958240509 233
1758704237550 0.16887742280960083 234
1758704237908 0.431777685880661 235
1758704238948 0.11588318645954132 236
1758704239402 0.18076442182064056 237
1758704240374 0.22944869101047516 238
1758704240758 0.2337317019701004 239
1758704272150 0.33744630217552185 240
1758704272636 0.1659669429063797 241
1758704273355 0.22901833057403564 242
1758704273840 0.20831559598445892 243
1758704274731 0.12007491290569305 244
1758704275094 0.11755777150392532 245
1758704276111 0.1393674910068512 246
1758704276598 0.20260894298553467 247
1758704277469 0.426037073135376 248
1758704277940 0.14065508544445038 249
1758704278859 0.08836500346660614 250
1758704279341 0.09091874957084656 251
1758704280236 0.2831892967224121 252
1758704280724 0.08138101547956467 253
1758704281600 0.13644598424434662 254
1758704282008 0.16187401115894318 255
1758704283134 0.11847837269306183 256
1758704283642 0.17674629390239716 257
1758704284487 0.18429946899414062 258
1758704284965 0.09584688395261765 259
1758704285789 0.28378838300704956 260
1758704286253 0.10602787137031555 261
1758704287134 0.3027868866920471 262
1758704287643 0.09730126708745956 263
1758704288501 0.2530216574668884 264
1758704288877 0.09725366532802582 265
1758704289904 0.16834360361099243 266
1758704290371 0.18059980869293213 267
1758704291422 0.11473362147808075 268
1758704291886 0.1009354293346405 269
1758704292639 0.09517031162977219 270
1758704293019 0.1066126674413681 271
1758704294054 0.121892049908638 272
1758704294529 0.32442817091941833 273
1758704295412 0.12893559038639069 274
1758704295853 0.49793049693107605 275
1758704296779 0.09328803420066833 276
1758704297256 0.16353057324886322 277
1758704298133 0.2173832654953003 278
1758704298622 0.17166367173194885 279
1758704299469 0.09068857133388519 280
1758704299929 0.16076262295246124 281
1758704300756 0.4185371696949005 282
1758704301263 0.22254890203475952 283
1758704302117 0.18733620643615723 284
1758704302625 0.12737654149532318 285
1758704303553 0.12781816720962524 286
1758704304007 0.11211014539003372 287
1758704305038 0.13058190047740936 288
1758704305437 0.1854202002286911 289
1758704306264 0.9658401012420654 290
1758704306648 0.12166746705770493 291
1758704307598 0.10438689589500427 292
1758704307986 0.1064397543668747 293
1758704308958 0.17128250002861023 294
1758704309325 0.11584098637104034 295
1758704310351 0.2610046863555908 296
1758704310771 0.1089550331234932 297
1758704311756 0.22576497495174408 298
1758704312245 0.19934502243995667 299
1758704313112 0.11472184956073761 300
1758704313655 0.11153504252433777 301
1758704314559 0.09663192927837372 302
1758704315085 0.16823160648345947 303
1758704315978 0.12352579832077026 304
1758704316449 0.4303721785545349 305
1758704317308 0.12765316665172577 306
1758704317689 0.09165900945663452 307
1758704318630 0.202301025390625 308
1758704319024 0.148593470454216 309
1758704320068 0.09477069228887558 310
1758704320502 0.11145320534706116 311
1758704321494 0.18314729630947113 312
1758704321917 0.09497909247875214 313
1758704322837 0.35389450192451477 314
1758704323246 0.08731984347105026 315
1758704324194 0.13790744543075562 316
1758704324652 0.12218677252531052 317
1758704325553 0.08131001144647598 318
1758704326076 0.14032265543937683 319
1758704326899 0.09444086253643036 320
1758704327330 0.10444488376379013 321
1758704328393 0.13457582890987396 322
1758704328765 0.11145944893360138 323
1758704329610 0.1018688902258873 324
1758704330110 0.3979981541633606 325
1758704330979 0.12283270061016083 326
1758704331433 0.6285345554351807 327
1758704332419 0.23357130587100983 328
1758704332809 0.08546407520771027 329
1758704333610 0.1496439129114151 330
1758704334118 0.1295950710773468 331
1758704335012 0.1633208692073822 332
1758704335502 0.7848830819129944 333
1758704336371 0.15575745701789856 334
1758704336756 0.14261677861213684 335
1758704337711 0.1249590739607811 336
1758704338077 0.1440279483795166 337
1758704339151 0.14224553108215332 338
1758704339514 0.1089966744184494 339
1758704340341 0.14106371998786926 340
1758704340697 0.18376104533672333 341
1758704341672 0.17980371415615082 342
1758704342060 0.26462453603744507 343
1758704342959 0.15133650600910187 344
1758704343319 0.22703935205936432 345
1758704344501 0.17338863015174866 346
1758704344872 0.12135832011699677 347
1758704345688 0.09258213639259338 348
1758704346172 0.14549033343791962 349
1758704347038 0.2258918732404709 350
1758704347497 0.0677727460861206 351
1758704348388 0.5936288833618164 352
1758704348856 0.6695531010627747 353
1758704349703 0.1590029001235962 354
1758704350200 0.10778547823429108 355
1758704351086 0.11480577290058136 356
1758704351432 0.16326604783535004 357
1758704352365 0.16327250003814697 358
1758704352739 0.16235527396202087 359
1758704385099 0.14543242752552032 360
1758704385578 0.07255252450704575 361
1758704386524 0.2221674919128418 362
1758704386911 0.0997198224067688 363
1758704388111 0.07819391787052155 364
1758704388486 0.1231854036450386 365
1758704389316 0.08123806864023209 366
1758704389700 0.09767395257949829 367
1758704390795 0.06764674931764603 368
1758704391313 0.08640448749065399 369
1758704392172 0.23345035314559937 370
1758704392683 0.064024917781353 371
1758704393600 0.32516220211982727 372
1758704393969 0.3688009977340698 373
1758704395160 0.08137457072734833 374
1758704395622 0.17199334502220154 375
1758704396635 0.1255653351545334 376
1758704397084 0.15553532540798187 377
1758704398174 0.18581192195415497 378
1758704398547 0.0998738631606102 379
1758704399323 0.1232919916510582 380
1758704399691 0.1610865443944931 381
1758704400765 0.11221344023942947 382
1758704401175 0.13086244463920593 383
1758704402405 0.10441109538078308 384
1758704402800 0.17696671187877655 385
1758704403843 0.08065038919448853 386
1758704404215 0.17244186997413635 387
1758704405071 0.08671464025974274 388
1758704405460 0.29767531156539917 389
1758704406457 0.11379370093345642 390
1758704406941 0.1674088090658188 391
1758704407873 0.30706778168678284 392
1758704408306 0.078140027821064 393
1758704409254 0.9722083210945129 394
1758704409720 0.06737462431192398 395
1758704410732 0.17465554177761078 396
1758704411250 0.1837177723646164 397
1758704412173 0.11649142950773239 398
1758704412554 0.1363227218389511 399
1758704413629 0.2611892819404602 400
1758704414071 0.14730894565582275 401
1758704415136 0.19402174651622772 402
1758704415624 0.11465847492218018 403
1758704416544 0.08627574890851974 404
1758704416948 0.20959323644638062 405
1758704417876 0.12206728011369705 406
1758704418261 0.13344645500183105 407
1758704419293 0.15550744533538818 408
1758704419722 0.41676896810531616 409
1758704420773 0.2425551861524582 410
1758704421194 0.07627616077661514 411
1758704422262 0.08493060618638992 412
1758704422783 0.09046991169452667 413
1758704423796 0.10987257957458496 414
1758704425083 0.20289389789104462 415
1758704425641 0.18754667043685913 416
1758704426044 0.10444200783967972 417
1758704426763 0.10475030541419983 418
1758704427190 0.17724038660526276 419
1758704428210 0.08430605381727219 420
1758704428753 0.13025188446044922 421
1758704429652 0.3282318711280823 422
1758704430140 0.120153047144413 423
1758704431079 0.07943425327539444 424
1758704431606 0.19950295984745026 425
1758704432545 0.3541640639305115 426
1758704432953 0.1426641345024109 427
1758704434117 0.0635395422577858 428
1758704434577 0.0956040546298027 429
1758704435547 0.23288877308368683 430
1758704436063 0.2563346326351166 431
1758704437016 0.16681642830371857 432
1758704437531 0.18864402174949646 433
1758704438482 0.18831712007522583 434
1758704439017 0.3159361481666565 435
1758704439974 0.10682862997055054 436
1758704440489 0.1605086624622345 437
1758704441340 0.13398243486881256 438
1758704441719 0.14134837687015533 439
1758704442697 0.18532121181488037 440
1758704443179 0.1921377182006836 441
1758704444044 0.12145070731639862 442
1758704444530 0.12308575958013535 443
1758704445490 0.30911263823509216 444
1758704445878 0.12126296758651733 445
1758704446745 0.11060619354248047 446
1758704447185 0.20937536656856537 447
1758704448122 0.16076380014419556 448
1758704448669 0.08691467344760895 449
1758704449499 0.15704409778118134 450
1758704449893 0.1079283133149147 451
1758704450881 0.08547550439834595 452
1758704451337 0.19990649819374084 453
1758704452251 0.19832098484039307 454
1758704452765 0.2468680739402771 455
1758704453637 0.09528233110904694 456
1758704454012 0.06565619260072708 457
1758704455053 0.10670258849859238 458
1758704455544 0.07819293439388275 459
1758704456491 0.19005395472049713 460
1758704456966 0.08004305511713028 461
1758704457872 0.10343228280544281 462
1758704458237 0.05049706995487213 463
1758704459347 0.21489658951759338 464
1758704459704 0.1913919597864151 465
1758704460769 0.07081722468137741 466
1758704461161 0.11371250450611115 467
1758704462225 0.556705892086029 468
1758704462592 0.15693806111812592 469
1758704463627 0.15390725433826447 470
1758704464098 0.07469380646944046 471
1758704465151 0.22742976248264313 472
1758704465497 0.2633199691772461 473
1758704466416 0.2762281596660614 474
1758704466784 0.1721094846725464 475
1758704467838 0.3685474395751953 476
1758704468352 0.06480313837528229 477
1758704469334 0.07133413106203079 478
1758704469708 0.09630319476127625 479
